0.200000 0.000000 0.000000 0.000000 0.000000 -0.000478 -0.199999 0.000000 0.000000 0.199999 -0.000478 0.000000 0.000000 -6.000000 0.000000 1.000000 
0.200000 0.000000 0.000000 0.000000 0.000000 -0.000478 -0.199999 0.000000 0.000000 0.199999 -0.000478 0.000000 0.000000 -6.000000 0.000000 1.000000 
0.200000 0.000000 0.000000 0.000000 0.000000 -0.000478 -0.199999 0.000000 0.000000 0.199999 -0.000478 0.000000 0.000000 -6.000000 0.000000 1.000000 
0.200000 0.000000 0.000000 0.000000 0.000000 -0.000478 -0.199999 0.000000 0.000000 0.199999 -0.000478 0.000000 0.000000 -6.000000 0.000000 1.000000 
0.200000 0.000000 0.000000 0.000000 0.000000 -0.000478 -0.199999 0.000000 0.000000 0.199999 -0.000478 0.000000 0.000000 -6.000000 0.000000 1.000000 
0.200000 0.000000 0.000000 0.000000 0.000000 -0.000478 -0.199999 0.000000 0.000000 0.199999 -0.000478 0.000000 0.000000 -6.000000 0.000000 1.000000 
0.200000 0.000000 0.000000 0.000000 0.000000 -0.000478 -0.199999 0.000000 0.000000 0.199999 -0.000478 0.000000 0.000000 -6.000000 0.000000 1.000000 
0.200000 0.000000 0.000000 0.000000 0.000000 -0.000478 -0.199999 0.000000 0.000000 0.199999 -0.000478 0.000000 0.000000 -6.000000 0.000000 1.000000 
0.200000 0.000000 0.000000 0.000000 0.000000 -0.000478 -0.199999 0.000000 0.000000 0.199999 -0.000478 0.000000 0.000000 -6.000000 0.000000 1.000000 
0.200000 0.000000 0.000000 0.000000 0.000000 -0.000478 -0.199999 0.000000 0.000000 0.199999 -0.000478 0.000000 0.000000 -6.000000 0.000000 1.000000 
0.200000 0.000000 0.000000 0.000000 0.000000 -0.000478 -0.199999 0.000000 0.000000 0.199999 -0.000478 0.000000 0.000000 -6.000000 0.000000 1.000000 
0.200000 0.000000 0.000000 0.000000 0.000000 -0.000478 -0.199999 0.000000 0.000000 0.199999 -0.000478 0.000000 0.000000 -6.000000 0.000000 1.000000 
0.200000 0.000000 0.000000 0.000000 0.000000 -0.000478 -0.199999 0.000000 0.000000 0.199999 -0.000478 0.000000 0.000000 -6.000000 0.000000 1.000000 
0.200000 0.000000 0.000000 0.000000 0.000000 -0.000478 -0.199999 0.000000 0.000000 0.199999 -0.000478 0.000000 0.000000 -6.000000 0.000000 1.000000 
0.200000 0.000000 0.000000 0.000000 0.000000 -0.000478 -0.199999 0.000000 0.000000 0.199999 -0.000478 0.000000 0.000000 -6.000000 0.000000 1.000000 
0.200000 0.000000 0.000000 0.000000 0.000000 -0.000478 -0.199999 0.000000 0.000000 0.199999 -0.000478 0.000000 0.000000 -6.000000 0.000000 1.000000 
0.200000 0.000000 0.000000 0.000000 0.000000 -0.000478 -0.199999 0.000000 0.000000 0.199999 -0.000478 0.000000 0.000000 -6.000000 0.000000 1.000000 
0.200000 0.000000 0.000000 0.000000 0.000000 -0.000478 -0.199999 0.000000 0.000000 0.199999 -0.000478 0.000000 0.000000 -6.000000 0.000000 1.000000 
0.200000 0.000000 0.000000 0.000000 0.000000 -0.000478 -0.199999 0.000000 0.000000 0.199999 -0.000478 0.000000 0.000000 -6.000000 0.000000 1.000000 
0.200000 0.000000 0.000000 0.000000 0.000000 -0.000478 -0.199999 0.000000 0.000000 0.199999 -0.000478 0.000000 0.000000 -6.000000 0.000000 1.000000 
0.141421 0.000000 0.141421 0.000000 0.141421 -0.000478 -0.141421 0.000000 0.000338 0.199999 -0.000338 0.000000 0.174646 -6.000000 0.000000 1.000000 
0.141421 0.000000 0.141421 0.000000 0.141421 -0.000478 -0.141421 0.000000 0.000338 0.199999 -0.000338 0.000000 0.333881 -6.000000 0.000000 1.000000 
0.141421 0.000000 0.141421 0.000000 0.141421 -0.000478 -0.141421 0.000000 0.000338 0.199999 -0.000338 0.000000 0.499544 -6.000000 0.000000 1.000000 
0.141421 0.000000 0.141421 0.000000 0.141421 -0.000478 -0.141421 0.000000 0.000338 0.199999 -0.000338 0.000000 0.666585 -6.000000 0.000000 1.000000 
0.141421 0.000000 0.141421 0.000000 0.141421 -0.000478 -0.141421 0.000000 0.000338 0.199999 -0.000338 0.000000 0.833430 -6.000000 0.000000 1.000000 
0.141421 0.000000 0.141421 0.000000 0.141421 -0.000478 -0.141421 0.000000 0.000338 0.199999 -0.000338 0.000000 1.000185 -6.000000 0.000000 1.000000 
0.141421 0.000000 0.141421 0.000000 0.141421 -0.000478 -0.141421 0.000000 0.000338 0.199999 -0.000338 0.000000 1.167021 -6.000000 0.000000 1.000000 
0.141421 0.000000 0.141421 0.000000 0.141421 -0.000478 -0.141421 0.000000 0.000338 0.199999 -0.000338 0.000000 1.333523 -6.000000 0.000000 1.000000 
0.141421 0.000000 0.141421 0.000000 0.141421 -0.000478 -0.141421 0.000000 0.000338 0.199999 -0.000338 0.000000 1.505337 -6.000000 0.000000 1.000000 
0.141421 0.000000 0.141421 0.000000 0.141421 -0.000478 -0.141421 0.000000 0.000338 0.199999 -0.000338 0.000000 1.666198 -6.000000 0.000000 1.000000 
0.141421 0.000000 0.141421 0.000000 0.141421 -0.000478 -0.141421 0.000000 0.000338 0.199999 -0.000338 0.000000 1.833043 -6.000000 0.000000 1.000000 
0.141421 0.000000 0.141421 0.000000 0.141421 -0.000478 -0.141421 0.000000 0.000338 0.199999 -0.000338 0.000000 2.000694 -6.000000 0.000000 1.000000 
0.141421 0.000000 0.141421 0.000000 0.141421 -0.000478 -0.141421 0.000000 0.000338 0.199999 -0.000338 0.000000 2.166815 -6.000000 0.000000 1.000000 
0.141421 0.000000 0.141421 0.000000 0.141421 -0.000478 -0.141421 0.000000 0.000338 0.199999 -0.000338 0.000000 2.333236 -6.000000 0.000000 1.000000 
0.141421 0.000000 0.141421 0.000000 0.141421 -0.000478 -0.141421 0.000000 0.000338 0.199999 -0.000338 0.000000 2.499914 -6.000000 0.000000 1.000000 
0.141421 0.000000 0.141421 0.000000 0.141421 -0.000478 -0.141421 0.000000 0.000338 0.199999 -0.000338 0.000000 2.666421 -6.000000 0.000000 1.000000 
0.141421 0.000000 0.141421 0.000000 0.141421 -0.000478 -0.141421 0.000000 0.000338 0.199999 -0.000338 0.000000 2.833958 -6.000000 0.000000 1.000000 
0.141421 0.000000 0.141421 0.000000 0.141421 -0.000478 -0.141421 0.000000 0.000338 0.199999 -0.000338 0.000000 3.000350 -6.000000 0.000000 1.000000 
0.141421 0.000000 0.141421 0.000000 0.141421 -0.000478 -0.141421 0.000000 0.000338 0.199999 -0.000338 0.000000 3.167024 -6.000000 0.000000 1.000000 
0.141421 0.000000 0.141421 0.000000 0.141421 -0.000478 -0.141421 0.000000 0.000338 0.199999 -0.000338 0.000000 3.334341 -6.000000 0.000000 1.000000 
0.141421 0.000000 0.141421 0.000000 0.141421 -0.000478 -0.141421 0.000000 0.000338 0.199999 -0.000338 0.000000 3.529758 -6.000000 0.000000 1.000000 
0.141421 0.000000 -0.141421 0.000000 -0.141421 -0.000478 -0.141421 0.000000 -0.000338 0.199999 -0.000338 0.000000 3.388143 -6.000000 0.000000 1.000000 
0.141421 0.000000 -0.141421 0.000000 -0.141421 -0.000478 -0.141421 0.000000 -0.000338 0.199999 -0.000338 0.000000 3.216491 -6.000000 0.000000 1.000000 
0.141421 0.000000 -0.141421 0.000000 -0.141421 -0.000478 -0.141421 0.000000 -0.000338 0.199999 -0.000338 0.000000 3.052039 -6.000000 0.000000 1.000000 
0.141421 0.000000 -0.141421 0.000000 -0.141421 -0.000478 -0.141421 0.000000 -0.000338 0.199999 -0.000338 0.000000 2.892718 -6.000000 0.000000 1.000000 
0.141421 0.000000 -0.141421 0.000000 -0.141421 -0.000478 -0.141421 0.000000 -0.000338 0.199999 -0.000338 0.000000 2.726603 -6.000000 0.000000 1.000000 
0.141421 0.000000 -0.141421 0.000000 -0.141421 -0.000478 -0.141421 0.000000 -0.000338 0.199999 -0.000338 0.000000 2.558045 -6.000000 0.000000 1.000000 
0.141421 0.000000 -0.141421 0.000000 -0.141421 -0.000478 -0.141421 0.000000 -0.000338 0.199999 -0.000338 0.000000 2.392282 -6.000000 0.000000 1.000000 
0.141421 0.000000 -0.141421 0.000000 -0.141421 -0.000478 -0.141421 0.000000 -0.000338 0.199999 -0.000338 0.000000 2.226682 -6.000000 0.000000 1.000000 
0.141421 0.000000 -0.141421 0.000000 -0.141421 -0.000478 -0.141421 0.000000 -0.000338 0.199999 -0.000338 0.000000 2.059932 -6.000000 0.000000 1.000000 
0.141421 0.000000 -0.141421 0.000000 -0.141421 -0.000478 -0.141421 0.000000 -0.000338 0.199999 -0.000338 0.000000 1.892738 -6.000000 0.000000 1.000000 
0.141421 0.000000 -0.141421 0.000000 -0.141421 -0.000478 -0.141421 0.000000 -0.000338 0.199999 -0.000338 0.000000 1.726551 -6.000000 0.000000 1.000000 
0.141421 0.000000 -0.141421 0.000000 -0.141421 -0.000478 -0.141421 0.000000 -0.000338 0.199999 -0.000338 0.000000 1.560378 -6.000000 0.000000 1.000000 
0.141421 0.000000 -0.141421 0.000000 -0.141421 -0.000478 -0.141421 0.000000 -0.000338 0.199999 -0.000338 0.000000 1.393452 -6.000000 0.000000 1.000000 
0.141421 0.000000 -0.141421 0.000000 -0.141421 -0.000478 -0.141421 0.000000 -0.000338 0.199999 -0.000338 0.000000 1.226754 -6.000000 0.000000 1.000000 
0.141421 0.000000 -0.141421 0.000000 -0.141421 -0.000478 -0.141421 0.000000 -0.000338 0.199999 -0.000338 0.000000 1.057992 -6.000000 0.000000 1.000000 
0.141421 0.000000 -0.141421 0.000000 -0.141421 -0.000478 -0.141421 0.000000 -0.000338 0.199999 -0.000338 0.000000 0.892310 -6.000000 0.000000 1.000000 
0.141421 0.000000 -0.141421 0.000000 -0.141421 -0.000478 -0.141421 0.000000 -0.000338 0.199999 -0.000338 0.000000 0.725365 -6.000000 0.000000 1.000000 
0.141421 0.000000 -0.141421 0.000000 -0.141421 -0.000478 -0.141421 0.000000 -0.000338 0.199999 -0.000338 0.000000 0.558348 -6.000000 0.000000 1.000000 
0.141421 0.000000 -0.141421 0.000000 -0.141421 -0.000478 -0.141421 0.000000 -0.000338 0.199999 -0.000338 0.000000 0.392518 -6.000000 0.000000 1.000000 
0.141421 0.000000 -0.141421 0.000000 -0.141421 -0.000478 -0.141421 0.000000 -0.000338 0.199999 -0.000338 0.000000 0.220890 -6.000000 0.000000 1.000000 
0.141421 0.000000 -0.141421 0.000000 -0.141421 -0.000478 -0.141421 0.000000 -0.000338 0.199999 -0.000338 0.000000 0.057449 -6.000000 0.000000 1.000000 
0.141421 0.000000 -0.141421 0.000000 -0.141421 -0.000478 -0.141421 0.000000 -0.000338 0.199999 -0.000338 0.000000 -0.107784 -6.000000 0.000000 1.000000 
0.141421 0.000000 -0.141421 0.000000 -0.141421 -0.000478 -0.141421 0.000000 -0.000338 0.199999 -0.000338 0.000000 -0.274682 -6.000000 0.000000 1.000000 
0.141421 0.000000 -0.141421 0.000000 -0.141421 -0.000478 -0.141421 0.000000 -0.000338 0.199999 -0.000338 0.000000 -0.444584 -6.000000 0.000000 1.000000 
0.141421 0.000000 -0.141421 0.000000 -0.141421 -0.000478 -0.141421 0.000000 -0.000338 0.199999 -0.000338 0.000000 -0.607767 -6.000000 0.000000 1.000000 
0.141421 0.000000 -0.141421 0.000000 -0.141421 -0.000478 -0.141421 0.000000 -0.000338 0.199999 -0.000338 0.000000 -0.774202 -6.000000 0.000000 1.000000 
0.141421 0.000000 -0.141421 0.000000 -0.141421 -0.000478 -0.141421 0.000000 -0.000338 0.199999 -0.000338 0.000000 -0.940957 -6.000000 0.000000 1.000000 
0.141421 0.000000 -0.141421 0.000000 -0.141421 -0.000478 -0.141421 0.000000 -0.000338 0.199999 -0.000338 0.000000 -1.107168 -6.000000 0.000000 1.000000 
0.141421 0.000000 -0.141421 0.000000 -0.141421 -0.000478 -0.141421 0.000000 -0.000338 0.199999 -0.000338 0.000000 -1.274347 -6.000000 0.000000 1.000000 
0.141421 0.000000 -0.141421 0.000000 -0.141421 -0.000478 -0.141421 0.000000 -0.000338 0.199999 -0.000338 0.000000 -1.445112 -6.000000 0.000000 1.000000 
0.141421 0.000000 -0.141421 0.000000 -0.141421 -0.000478 -0.141421 0.000000 -0.000338 0.199999 -0.000338 0.000000 -1.608787 -6.000000 0.000000 1.000000 
0.141421 0.000000 -0.141421 0.000000 -0.141421 -0.000478 -0.141421 0.000000 -0.000338 0.199999 -0.000338 0.000000 -1.774101 -6.000000 0.000000 1.000000 
0.141421 0.000000 -0.141421 0.000000 -0.141421 -0.000478 -0.141421 0.000000 -0.000338 0.199999 -0.000338 0.000000 -1.950636 -6.000000 0.000000 1.000000 
0.141421 0.000000 -0.141421 0.000000 -0.141421 -0.000478 -0.141421 0.000000 -0.000338 0.199999 -0.000338 0.000000 -2.107763 -6.000000 0.000000 1.000000 
0.141421 0.000000 -0.141421 0.000000 -0.141421 -0.000478 -0.141421 0.000000 -0.000338 0.199999 -0.000338 0.000000 -2.281003 -6.000000 0.000000 1.000000 
0.141421 0.000000 -0.141421 0.000000 -0.141421 -0.000478 -0.141421 0.000000 -0.000338 0.199999 -0.000338 0.000000 -2.441916 -6.000000 0.000000 1.000000 
0.141421 0.000000 -0.141421 0.000000 -0.141421 -0.000478 -0.141421 0.000000 -0.000338 0.199999 -0.000338 0.000000 -2.610097 -6.000000 0.000000 1.000000 
0.141421 0.000000 -0.141421 0.000000 -0.141421 -0.000478 -0.141421 0.000000 -0.000338 0.199999 -0.000338 0.000000 -2.772880 -6.000000 0.000000 1.000000 
0.141421 0.000000 -0.141421 0.000000 -0.141421 -0.000478 -0.141421 0.000000 -0.000338 0.199999 -0.000338 0.000000 -2.948461 -6.000000 0.000000 1.000000 
0.141421 0.000000 -0.141421 0.000000 -0.141421 -0.000478 -0.141421 0.000000 -0.000338 0.199999 -0.000338 0.000000 -3.106127 -6.000000 0.000000 1.000000 
0.141421 0.000000 -0.141421 0.000000 -0.141421 -0.000478 -0.141421 0.000000 -0.000338 0.199999 -0.000338 0.000000 -3.275466 -6.000000 0.000000 1.000000 
0.141421 0.000000 -0.141421 0.000000 -0.141421 -0.000478 -0.141421 0.000000 -0.000338 0.199999 -0.000338 0.000000 -3.440642 -6.000000 0.000000 1.000000 
0.141421 0.000000 -0.141421 0.000000 -0.141421 -0.000478 -0.141421 0.000000 -0.000338 0.199999 -0.000338 0.000000 -3.607836 -6.000000 0.000000 1.000000 
0.141421 0.000000 -0.141421 0.000000 -0.141421 -0.000478 -0.141421 0.000000 -0.000338 0.199999 -0.000338 0.000000 -3.773756 -6.000000 0.000000 1.000000 
0.141421 0.000000 -0.141421 0.000000 -0.141421 -0.000478 -0.141421 0.000000 -0.000338 0.199999 -0.000338 0.000000 -3.942518 -6.000000 0.000000 1.000000 
0.141421 0.000000 -0.141421 0.000000 -0.141421 -0.000478 -0.141421 0.000000 -0.000338 0.199999 -0.000338 0.000000 -4.107671 -6.000000 0.000000 1.000000 
0.141421 0.000000 -0.141421 0.000000 -0.141421 -0.000478 -0.141421 0.000000 -0.000338 0.199999 -0.000338 0.000000 -4.273996 -6.000000 0.000000 1.000000 
0.141421 0.000000 -0.141421 0.000000 -0.141421 -0.000478 -0.141421 0.000000 -0.000338 0.199999 -0.000338 0.000000 -4.441118 -6.000000 0.000000 1.000000 
0.141421 0.000000 -0.141421 0.000000 -0.141421 -0.000478 -0.141421 0.000000 -0.000338 0.199999 -0.000338 0.000000 -4.607520 -6.000000 0.000000 1.000000 
0.141421 0.000000 -0.141421 0.000000 -0.141421 -0.000478 -0.141421 0.000000 -0.000338 0.199999 -0.000338 0.000000 -4.781456 -6.000000 0.000000 1.000000 
0.141421 0.000000 -0.141421 0.000000 -0.141421 -0.000478 -0.141421 0.000000 -0.000338 0.199999 -0.000338 0.000000 -4.957910 -6.000000 0.000000 1.000000 
0.141421 0.000000 -0.141421 0.000000 -0.141421 -0.000478 -0.141421 0.000000 -0.000338 0.199999 -0.000338 0.000000 -5.106964 -6.000000 0.000000 1.000000 
0.141421 0.000000 -0.141421 0.000000 -0.141421 -0.000478 -0.141421 0.000000 -0.000338 0.199999 -0.000338 0.000000 -5.275860 -6.000000 0.000000 1.000000 
0.141421 0.000000 -0.141421 0.000000 -0.141421 -0.000478 -0.141421 0.000000 -0.000338 0.199999 -0.000338 0.000000 -5.444040 -6.000000 0.000000 1.000000 
0.141421 0.000000 -0.141421 0.000000 -0.141421 -0.000478 -0.141421 0.000000 -0.000338 0.199999 -0.000338 0.000000 -5.608521 -6.000000 0.000000 1.000000 
0.141421 0.000000 -0.141421 0.000000 -0.141421 -0.000478 -0.141421 0.000000 -0.000338 0.199999 -0.000338 0.000000 -5.773315 -6.000000 0.000000 1.000000 
0.141421 0.000000 -0.141421 0.000000 -0.141421 -0.000478 -0.141421 0.000000 -0.000338 0.199999 -0.000338 0.000000 -5.949340 -6.000000 0.000000 1.000000 
0.141421 0.000000 -0.141421 0.000000 -0.141421 -0.000478 -0.141421 0.000000 -0.000338 0.199999 -0.000338 0.000000 -6.106820 -6.000000 0.000000 1.000000 
0.141421 0.000000 -0.141421 0.000000 -0.141421 -0.000478 -0.141421 0.000000 -0.000338 0.199999 -0.000338 0.000000 -6.274924 -6.000000 0.000000 1.000000 
0.141421 0.000000 -0.141421 0.000000 -0.141421 -0.000478 -0.141421 0.000000 -0.000338 0.199999 -0.000338 0.000000 -6.441689 -6.000000 0.000000 1.000000 
0.141421 0.000000 -0.141421 0.000000 -0.141421 -0.000478 -0.141421 0.000000 -0.000338 0.199999 -0.000338 0.000000 -6.608834 -6.000000 0.000000 1.000000 
0.141421 0.000000 -0.141421 0.000000 -0.141421 -0.000478 -0.141421 0.000000 -0.000338 0.199999 -0.000338 0.000000 -6.774187 -6.000000 0.000000 1.000000 
0.141421 0.000000 -0.141421 0.000000 -0.141421 -0.000478 -0.141421 0.000000 -0.000338 0.199999 -0.000338 0.000000 -6.942458 -6.000000 0.000000 1.000000 
0.141421 0.000000 -0.141421 0.000000 -0.141421 -0.000478 -0.141421 0.000000 -0.000338 0.199999 -0.000338 0.000000 -7.108264 -6.000000 0.000000 1.000000 
0.141421 0.000000 -0.141421 0.000000 -0.141421 -0.000478 -0.141421 0.000000 -0.000338 0.199999 -0.000338 0.000000 -7.276063 -6.000000 0.000000 1.000000 
0.141421 0.000000 -0.141421 0.000000 -0.141421 -0.000478 -0.141421 0.000000 -0.000338 0.199999 -0.000338 0.000000 -7.441101 -6.000000 0.000000 1.000000 
0.141421 0.000000 -0.141421 0.000000 -0.141421 -0.000478 -0.141421 0.000000 -0.000338 0.199999 -0.000338 0.000000 -7.608790 -6.000000 0.000000 1.000000 
0.141421 0.000000 -0.141421 0.000000 -0.141421 -0.000478 -0.141421 0.000000 -0.000338 0.199999 -0.000338 0.000000 -7.773943 -6.000000 0.000000 1.000000 
0.141421 0.000000 -0.141421 0.000000 -0.141421 -0.000478 -0.141421 0.000000 -0.000338 0.199999 -0.000338 0.000000 -7.942467 -6.000000 0.000000 1.000000 
0.141421 0.000000 0.141421 0.000000 0.141421 -0.000478 -0.141421 0.000000 0.000338 0.199999 -0.000338 0.000000 -7.776165 -6.000000 0.000000 1.000000 
0.141421 0.000000 0.141421 0.000000 0.141421 -0.000478 -0.141421 0.000000 0.000338 0.199999 -0.000338 0.000000 -7.611098 -6.000000 0.000000 1.000000 
0.141421 0.000000 0.141421 0.000000 0.141421 -0.000478 -0.141421 0.000000 0.000338 0.199999 -0.000338 0.000000 -7.438278 -6.000000 0.000000 1.000000 
0.141421 0.000000 0.141421 0.000000 0.141421 -0.000478 -0.141421 0.000000 0.000338 0.199999 -0.000338 0.000000 -7.275844 -6.000000 0.000000 1.000000 
0.141421 0.000000 0.141421 0.000000 0.141421 -0.000478 -0.141421 0.000000 0.000338 0.199999 -0.000338 0.000000 -7.111053 -6.000000 0.000000 1.000000 
0.141421 0.000000 0.141421 0.000000 0.141421 -0.000478 -0.141421 0.000000 0.000338 0.199999 -0.000338 0.000000 -6.943846 -6.000000 0.000000 1.000000 
0.141421 0.000000 0.141421 0.000000 0.141421 -0.000478 -0.141421 0.000000 0.000338 0.199999 -0.000338 0.000000 -6.778307 -6.000000 0.000000 1.000000 
0.141421 0.000000 0.141421 0.000000 0.141421 -0.000478 -0.141421 0.000000 0.000338 0.199999 -0.000338 0.000000 -6.610928 -6.000000 0.000000 1.000000 
0.141421 0.000000 0.141421 0.000000 0.141421 -0.000478 -0.141421 0.000000 0.000338 0.199999 -0.000338 0.000000 -6.443505 -6.000000 0.000000 1.000000 
0.141421 0.000000 0.141421 0.000000 0.141421 -0.000478 -0.141421 0.000000 0.000338 0.199999 -0.000338 0.000000 -6.277313 -6.000000 0.000000 1.000000 
0.141421 0.000000 0.141421 0.000000 0.141421 -0.000478 -0.141421 0.000000 0.000338 0.199999 -0.000338 0.000000 -6.111150 -6.000000 0.000000 1.000000 
0.141421 0.000000 0.141421 0.000000 0.141421 -0.000478 -0.141421 0.000000 0.000338 0.199999 -0.000338 0.000000 -5.943837 -6.000000 0.000000 1.000000 
0.141421 0.000000 0.141421 0.000000 0.141421 -0.000478 -0.141421 0.000000 0.000338 0.199999 -0.000338 0.000000 -5.776963 -6.000000 0.000000 1.000000 
0.141421 0.000000 0.141421 0.000000 0.141421 -0.000478 -0.141421 0.000000 0.000338 0.199999 -0.000338 0.000000 -5.611072 -6.000000 0.000000 1.000000 
0.141421 0.000000 0.141421 0.000000 0.141421 -0.000478 -0.141421 0.000000 0.000338 0.199999 -0.000338 0.000000 -5.444074 -6.000000 0.000000 1.000000 
0.141421 0.000000 0.141421 0.000000 0.141421 -0.000478 -0.141421 0.000000 0.000338 0.199999 -0.000338 0.000000 -5.278759 -6.000000 0.000000 1.000000 
0.141421 0.000000 0.141421 0.000000 0.141421 -0.000478 -0.141421 0.000000 0.000338 0.199999 -0.000338 0.000000 -5.111628 -6.000000 0.000000 1.000000 
0.141421 0.000000 0.141421 0.000000 0.141421 -0.000478 -0.141421 0.000000 0.000338 0.199999 -0.000338 0.000000 -4.944520 -6.000000 0.000000 1.000000 
0.141421 0.000000 0.141421 0.000000 0.141421 -0.000478 -0.141421 0.000000 0.000338 0.199999 -0.000338 0.000000 -4.776812 -6.000000 0.000000 1.000000 
0.141421 0.000000 0.141421 0.000000 0.141421 -0.000478 -0.141421 0.000000 0.000338 0.199999 -0.000338 0.000000 -4.610982 -6.000000 0.000000 1.000000 
0.141421 0.000000 0.141421 0.000000 0.141421 -0.000478 -0.141421 0.000000 0.000338 0.199999 -0.000338 0.000000 -4.439883 -6.000000 0.000000 1.000000 
0.141421 0.000000 0.141421 0.000000 0.141421 -0.000478 -0.141421 0.000000 0.000338 0.199999 -0.000338 0.000000 -4.275250 -6.000000 0.000000 1.000000 
0.141421 0.000000 0.141421 0.000000 0.141421 -0.000478 -0.141421 0.000000 0.000338 0.199999 -0.000338 0.000000 -4.110489 -6.000000 0.000000 1.000000 
0.141421 0.000000 0.141421 0.000000 0.141421 -0.000478 -0.141421 0.000000 0.000338 0.199999 -0.000338 0.000000 -3.942847 -6.000000 0.000000 1.000000 
0.141421 0.000000 0.141421 0.000000 0.141421 -0.000478 -0.141421 0.000000 0.000338 0.199999 -0.000338 0.000000 -3.776789 -6.000000 0.000000 1.000000 
0.141421 0.000000 0.141421 0.000000 0.141421 -0.000478 -0.141421 0.000000 0.000338 0.199999 -0.000338 0.000000 -3.611450 -6.000000 0.000000 1.000000 
0.141421 0.000000 0.141421 0.000000 0.141421 -0.000478 -0.141421 0.000000 0.000338 0.199999 -0.000338 0.000000 -3.444386 -6.000000 0.000000 1.000000 
0.141421 0.000000 0.141421 0.000000 0.141421 -0.000478 -0.141421 0.000000 0.000338 0.199999 -0.000338 0.000000 -3.277364 -6.000000 0.000000 1.000000 
0.141421 0.000000 0.141421 0.000000 0.141421 -0.000478 -0.141421 0.000000 0.000338 0.199999 -0.000338 0.000000 -3.110690 -6.000000 0.000000 1.000000 
0.141421 0.000000 0.141421 0.000000 0.141421 -0.000478 -0.141421 0.000000 0.000338 0.199999 -0.000338 0.000000 -2.944078 -6.000000 0.000000 1.000000 
0.141421 0.000000 0.141421 0.000000 0.141421 -0.000478 -0.141421 0.000000 0.000338 0.199999 -0.000338 0.000000 -2.776814 -6.000000 0.000000 1.000000 
0.141421 0.000000 0.141421 0.000000 0.141421 -0.000478 -0.141421 0.000000 0.000338 0.199999 -0.000338 0.000000 -2.610846 -6.000000 0.000000 1.000000 
0.200000 0.000000 0.000000 0.000000 0.000000 -0.000478 -0.199999 0.000000 0.000000 0.199999 -0.000478 0.000000 -2.610846 -6.000000 0.000000 1.000000 
0.200000 0.000000 0.000000 0.000000 0.000000 -0.000478 -0.199999 0.000000 0.000000 0.199999 -0.000478 0.000000 -2.610846 -6.000000 0.000000 1.000000 
0.200000 0.000000 0.000000 0.000000 0.000000 -0.000478 -0.199999 0.000000 0.000000 0.199999 -0.000478 0.000000 -2.610846 -6.000000 0.000000 1.000000 
0.200000 0.000000 0.000000 0.000000 0.000000 -0.000478 -0.199999 0.000000 0.000000 0.199999 -0.000478 0.000000 -2.610846 -6.000000 0.000000 1.000000 
0.200000 0.000000 0.000000 0.000000 0.000000 -0.000478 -0.199999 0.000000 0.000000 0.199999 -0.000478 0.000000 -2.610846 -6.000000 0.000000 1.000000 
0.200000 0.000000 0.000000 0.000000 0.000000 -0.000478 -0.199999 0.000000 0.000000 0.199999 -0.000478 0.000000 -2.610846 -6.000000 0.000000 1.000000 
0.200000 0.000000 0.000000 0.000000 0.000000 -0.000478 -0.199999 0.000000 0.000000 0.199999 -0.000478 0.000000 -2.610846 -6.000000 0.000000 1.000000 
0.200000 0.000000 0.000000 0.000000 0.000000 -0.000478 -0.199999 0.000000 0.000000 0.199999 -0.000478 0.000000 -2.610846 -6.000000 0.000000 1.000000 
0.200000 0.000000 0.000000 0.000000 0.000000 -0.000478 -0.199999 0.000000 0.000000 0.199999 -0.000478 0.000000 -2.610846 -6.000000 0.000000 1.000000 
0.200000 0.000000 0.000000 0.000000 0.000000 -0.000478 -0.199999 0.000000 0.000000 0.199999 -0.000478 0.000000 -2.610846 -6.000000 0.000000 1.000000 
0.200000 0.000000 0.000000 0.000000 0.000000 -0.000478 -0.199999 0.000000 0.000000 0.199999 -0.000478 0.000000 -2.610846 -6.000000 0.000000 1.000000 
0.200000 0.000000 0.000000 0.000000 0.000000 -0.000478 -0.199999 0.000000 0.000000 0.199999 -0.000478 0.000000 -2.610846 -6.000000 0.000000 1.000000 
0.200000 0.000000 0.000000 0.000000 0.000000 -0.000478 -0.199999 0.000000 0.000000 0.199999 -0.000478 0.000000 -2.610846 -6.000000 0.000000 1.000000 
0.200000 0.000000 0.000000 0.000000 0.000000 -0.000478 -0.199999 0.000000 0.000000 0.199999 -0.000478 0.000000 -2.610846 -6.000000 0.000000 1.000000 
0.200000 0.000000 0.000000 0.000000 0.000000 -0.000478 -0.199999 0.000000 0.000000 0.199999 -0.000478 0.000000 0.000000 -6.000000 0.000000 1.000000 
0.200000 0.000000 0.000000 0.000000 0.000000 -0.000478 -0.199999 0.000000 0.000000 0.199999 -0.000478 0.000000 0.000000 -6.000000 0.000000 1.000000 
0.200000 0.000000 0.000000 0.000000 0.000000 -0.000478 -0.199999 0.000000 0.000000 0.199999 -0.000478 0.000000 0.000000 -6.000000 0.000000 1.000000 
0.200000 0.000000 0.000000 0.000000 0.000000 -0.000478 -0.199999 0.000000 0.000000 0.199999 -0.000478 0.000000 0.000000 -6.000000 0.000000 1.000000 
0.200000 0.000000 0.000000 0.000000 0.000000 -0.000478 -0.199999 0.000000 0.000000 0.199999 -0.000478 0.000000 0.000000 -6.000000 0.000000 1.000000 
0.200000 0.000000 0.000000 0.000000 0.000000 -0.000478 -0.199999 0.000000 0.000000 0.199999 -0.000478 0.000000 0.000000 -6.000000 0.000000 1.000000 
0.200000 0.000000 0.000000 0.000000 0.000000 -0.000478 -0.199999 0.000000 0.000000 0.199999 -0.000478 0.000000 0.000000 -6.000000 0.000000 1.000000 
0.200000 0.000000 0.000000 0.000000 0.000000 -0.000478 -0.199999 0.000000 0.000000 0.199999 -0.000478 0.000000 0.000000 -6.000000 0.000000 1.000000 
0.200000 0.000000 0.000000 0.000000 0.000000 -0.000478 -0.199999 0.000000 0.000000 0.199999 -0.000478 0.000000 0.000000 -6.000000 0.000000 1.000000 
0.200000 0.000000 0.000000 0.000000 0.000000 -0.000478 -0.199999 0.000000 0.000000 0.199999 -0.000478 0.000000 0.000000 -6.000000 0.000000 1.000000 
0.200000 0.000000 0.000000 0.000000 0.000000 -0.000478 -0.199999 0.000000 0.000000 0.199999 -0.000478 0.000000 0.000000 -6.000000 0.000000 1.000000 
0.200000 0.000000 0.000000 0.000000 0.000000 -0.000478 -0.199999 0.000000 0.000000 0.199999 -0.000478 0.000000 0.000000 -6.000000 0.000000 1.000000 
0.200000 0.000000 0.000000 0.000000 0.000000 -0.000478 -0.199999 0.000000 0.000000 0.199999 -0.000478 0.000000 0.000000 -6.000000 0.000000 1.000000 
0.200000 0.000000 0.000000 0.000000 0.000000 -0.000478 -0.199999 0.000000 0.000000 0.199999 -0.000478 0.000000 0.000000 -6.000000 0.000000 1.000000 
0.200000 0.000000 0.000000 0.000000 0.000000 -0.000478 -0.199999 0.000000 0.000000 0.199999 -0.000478 0.000000 0.000000 -6.000000 0.000000 1.000000 
0.200000 0.000000 0.000000 0.000000 0.000000 -0.000478 -0.199999 0.000000 0.000000 0.199999 -0.000478 0.000000 0.000000 -6.000000 0.000000 1.000000 
0.200000 0.000000 0.000000 0.000000 0.000000 -0.000478 -0.199999 0.000000 0.000000 0.199999 -0.000478 0.000000 0.000000 -6.000000 0.000000 1.000000 
0.200000 0.000000 0.000000 0.000000 0.000000 -0.000478 -0.199999 0.000000 0.000000 0.199999 -0.000478 0.000000 0.000000 -6.000000 0.000000 1.000000 
0.200000 0.000000 0.000000 0.000000 0.000000 -0.000478 -0.199999 0.000000 0.000000 0.199999 -0.000478 0.000000 0.000000 -6.000000 0.000000 1.000000 
0.200000 0.000000 0.000000 0.000000 0.000000 -0.000478 -0.199999 0.000000 0.000000 0.199999 -0.000478 0.000000 0.000000 -6.000000 0.000000 1.000000 
0.141421 0.000000 0.141421 0.000000 0.141421 -0.000478 -0.141421 0.000000 0.000338 0.199999 -0.000338 0.000000 0.174646 -6.000000 0.000000 1.000000 
0.141421 0.000000 0.141421 0.000000 0.141421 -0.000478 -0.141421 0.000000 0.000338 0.199999 -0.000338 0.000000 0.333881 -6.000000 0.000000 1.000000 
0.141421 0.000000 0.141421 0.000000 0.141421 -0.000478 -0.141421 0.000000 0.000338 0.199999 -0.000338 0.000000 0.499544 -6.000000 0.000000 1.000000 
0.141421 0.000000 0.141421 0.000000 0.141421 -0.000478 -0.141421 0.000000 0.000338 0.199999 -0.000338 0.000000 0.666585 -6.000000 0.000000 1.000000 
0.141421 0.000000 0.141421 0.000000 0.141421 -0.000478 -0.141421 0.000000 0.000338 0.199999 -0.000338 0.000000 0.833430 -6.000000 0.000000 1.000000 
0.141421 0.000000 0.141421 0.000000 0.141421 -0.000478 -0.141421 0.000000 0.000338 0.199999 -0.000338 0.000000 1.000185 -6.000000 0.000000 1.000000 
0.141421 0.000000 0.141421 0.000000 0.141421 -0.000478 -0.141421 0.000000 0.000338 0.199999 -0.000338 0.000000 1.167021 -6.000000 0.000000 1.000000 
0.141421 0.000000 0.141421 0.000000 0.141421 -0.000478 -0.141421 0.000000 0.000338 0.199999 -0.000338 0.000000 1.333523 -6.000000 0.000000 1.000000 
0.141421 0.000000 0.141421 0.000000 0.141421 -0.000478 -0.141421 0.000000 0.000338 0.199999 -0.000338 0.000000 1.505337 -6.000000 0.000000 1.000000 
0.141421 0.000000 0.141421 0.000000 0.141421 -0.000478 -0.141421 0.000000 0.000338 0.199999 -0.000338 0.000000 1.666198 -6.000000 0.000000 1.000000 
0.141421 0.000000 0.141421 0.000000 0.141421 -0.000478 -0.141421 0.000000 0.000338 0.199999 -0.000338 0.000000 1.833043 -6.000000 0.000000 1.000000 
0.141421 0.000000 0.141421 0.000000 0.141421 -0.000478 -0.141421 0.000000 0.000338 0.199999 -0.000338 0.000000 2.000694 -6.000000 0.000000 1.000000 
0.141421 0.000000 0.141421 0.000000 0.141421 -0.000478 -0.141421 0.000000 0.000338 0.199999 -0.000338 0.000000 2.166815 -6.000000 0.000000 1.000000 
0.141421 0.000000 0.141421 0.000000 0.141421 -0.000478 -0.141421 0.000000 0.000338 0.199999 -0.000338 0.000000 2.333236 -6.000000 0.000000 1.000000 
0.141421 0.000000 0.141421 0.000000 0.141421 -0.000478 -0.141421 0.000000 0.000338 0.199999 -0.000338 0.000000 2.499914 -6.000000 0.000000 1.000000 
0.141421 0.000000 0.141421 0.000000 0.141421 -0.000478 -0.141421 0.000000 0.000338 0.199999 -0.000338 0.000000 2.666421 -6.000000 0.000000 1.000000 
0.141421 0.000000 0.141421 0.000000 0.141421 -0.000478 -0.141421 0.000000 0.000338 0.199999 -0.000338 0.000000 2.833958 -6.000000 0.000000 1.000000 
0.141421 0.000000 0.141421 0.000000 0.141421 -0.000478 -0.141421 0.000000 0.000338 0.199999 -0.000338 0.000000 3.000350 -6.000000 0.000000 1.000000 
0.141421 0.000000 0.141421 0.000000 0.141421 -0.000478 -0.141421 0.000000 0.000338 0.199999 -0.000338 0.000000 3.167024 -6.000000 0.000000 1.000000 
0.141421 0.000000 0.141421 0.000000 0.141421 -0.000478 -0.141421 0.000000 0.000338 0.199999 -0.000338 0.000000 3.334341 -6.000000 0.000000 1.000000 
0.141421 0.000000 0.141421 0.000000 0.141421 -0.000478 -0.141421 0.000000 0.000338 0.199999 -0.000338 0.000000 3.529758 -6.000000 0.000000 1.000000 
0.141421 0.000000 -0.141421 0.000000 -0.141421 -0.000478 -0.141421 0.000000 -0.000338 0.199999 -0.000338 0.000000 3.388143 -6.000000 0.000000 1.000000 
0.141421 0.000000 -0.141421 0.000000 -0.141421 -0.000478 -0.141421 0.000000 -0.000338 0.199999 -0.000338 0.000000 3.216491 -6.000000 0.000000 1.000000 
0.141421 0.000000 -0.141421 0.000000 -0.141421 -0.000478 -0.141421 0.000000 -0.000338 0.199999 -0.000338 0.000000 3.052039 -6.000000 0.000000 1.000000 
0.141421 0.000000 -0.141421 0.000000 -0.141421 -0.000478 -0.141421 0.000000 -0.000338 0.199999 -0.000338 0.000000 2.892718 -6.000000 0.000000 1.000000 
0.141421 0.000000 -0.141421 0.000000 -0.141421 -0.000478 -0.141421 0.000000 -0.000338 0.199999 -0.000338 0.000000 2.726603 -6.000000 0.000000 1.000000 
0.141421 0.000000 -0.141421 0.000000 -0.141421 -0.000478 -0.141421 0.000000 -0.000338 0.199999 -0.000338 0.000000 2.558045 -6.000000 0.000000 1.000000 
0.141421 0.000000 -0.141421 0.000000 -0.141421 -0.000478 -0.141421 0.000000 -0.000338 0.199999 -0.000338 0.000000 2.392282 -6.000000 0.000000 1.000000 
0.141421 0.000000 -0.141421 0.000000 -0.141421 -0.000478 -0.141421 0.000000 -0.000338 0.199999 -0.000338 0.000000 2.226682 -6.000000 0.000000 1.000000 
0.141421 0.000000 -0.141421 0.000000 -0.141421 -0.000478 -0.141421 0.000000 -0.000338 0.199999 -0.000338 0.000000 2.059932 -6.000000 0.000000 1.000000 
0.141421 0.000000 -0.141421 0.000000 -0.141421 -0.000478 -0.141421 0.000000 -0.000338 0.199999 -0.000338 0.000000 1.892738 -6.000000 0.000000 1.000000 
0.141421 0.000000 -0.141421 0.000000 -0.141421 -0.000478 -0.141421 0.000000 -0.000338 0.199999 -0.000338 0.000000 1.726551 -6.000000 0.000000 1.000000 
0.141421 0.000000 -0.141421 0.000000 -0.141421 -0.000478 -0.141421 0.000000 -0.000338 0.199999 -0.000338 0.000000 1.560378 -6.000000 0.000000 1.000000 
0.141421 0.000000 -0.141421 0.000000 -0.141421 -0.000478 -0.141421 0.000000 -0.000338 0.199999 -0.000338 0.000000 1.393452 -6.000000 0.000000 1.000000 
0.141421 0.000000 -0.141421 0.000000 -0.141421 -0.000478 -0.141421 0.000000 -0.000338 0.199999 -0.000338 0.000000 1.226754 -6.000000 0.000000 1.000000 
0.141421 0.000000 -0.141421 0.000000 -0.141421 -0.000478 -0.141421 0.000000 -0.000338 0.199999 -0.000338 0.000000 1.057992 -6.000000 0.000000 1.000000 
0.141421 0.000000 -0.141421 0.000000 -0.141421 -0.000478 -0.141421 0.000000 -0.000338 0.199999 -0.000338 0.000000 0.892310 -6.000000 0.000000 1.000000 
0.141421 0.000000 -0.141421 0.000000 -0.141421 -0.000478 -0.141421 0.000000 -0.000338 0.199999 -0.000338 0.000000 0.725365 -6.000000 0.000000 1.000000 
0.141421 0.000000 -0.141421 0.000000 -0.141421 -0.000478 -0.141421 0.000000 -0.000338 0.199999 -0.000338 0.000000 0.558348 -6.000000 0.000000 1.000000 
0.141421 0.000000 -0.141421 0.000000 -0.141421 -0.000478 -0.141421 0.000000 -0.000338 0.199999 -0.000338 0.000000 0.392518 -6.000000 0.000000 1.000000 
0.141421 0.000000 -0.141421 0.000000 -0.141421 -0.000478 -0.141421 0.000000 -0.000338 0.199999 -0.000338 0.000000 0.220890 -6.000000 0.000000 1.000000 
0.141421 0.000000 -0.141421 0.000000 -0.141421 -0.000478 -0.141421 0.000000 -0.000338 0.199999 -0.000338 0.000000 0.057449 -6.000000 0.000000 1.000000 
0.141421 0.000000 -0.141421 0.000000 -0.141421 -0.000478 -0.141421 0.000000 -0.000338 0.199999 -0.000338 0.000000 -0.107784 -6.000000 0.000000 1.000000 
0.141421 0.000000 -0.141421 0.000000 -0.141421 -0.000478 -0.141421 0.000000 -0.000338 0.199999 -0.000338 0.000000 -0.274682 -6.000000 0.000000 1.000000 
0.141421 0.000000 -0.141421 0.000000 -0.141421 -0.000478 -0.141421 0.000000 -0.000338 0.199999 -0.000338 0.000000 -0.444584 -6.000000 0.000000 1.000000 
0.141421 0.000000 -0.141421 0.000000 -0.141421 -0.000478 -0.141421 0.000000 -0.000338 0.199999 -0.000338 0.000000 -0.607767 -6.000000 0.000000 1.000000 
0.141421 0.000000 -0.141421 0.000000 -0.141421 -0.000478 -0.141421 0.000000 -0.000338 0.199999 -0.000338 0.000000 -0.774202 -6.000000 0.000000 1.000000 
0.141421 0.000000 -0.141421 0.000000 -0.141421 -0.000478 -0.141421 0.000000 -0.000338 0.199999 -0.000338 0.000000 -0.940957 -6.000000 0.000000 1.000000 
0.141421 0.000000 -0.141421 0.000000 -0.141421 -0.000478 -0.141421 0.000000 -0.000338 0.199999 -0.000338 0.000000 -1.107168 -6.000000 0.000000 1.000000 
0.141421 0.000000 -0.141421 0.000000 -0.141421 -0.000478 -0.141421 0.000000 -0.000338 0.199999 -0.000338 0.000000 -1.274347 -6.000000 0.000000 1.000000 
0.141421 0.000000 -0.141421 0.000000 -0.141421 -0.000478 -0.141421 0.000000 -0.000338 0.199999 -0.000338 0.000000 -1.445112 -6.000000 0.000000 1.000000 
0.141421 0.000000 -0.141421 0.000000 -0.141421 -0.000478 -0.141421 0.000000 -0.000338 0.199999 -0.000338 0.000000 -1.608787 -6.000000 0.000000 1.000000 
0.141421 0.000000 -0.141421 0.000000 -0.141421 -0.000478 -0.141421 0.000000 -0.000338 0.199999 -0.000338 0.000000 -1.774101 -6.000000 0.000000 1.000000 
0.141421 0.000000 -0.141421 0.000000 -0.141421 -0.000478 -0.141421 0.000000 -0.000338 0.199999 -0.000338 0.000000 -1.950636 -6.000000 0.000000 1.000000 
0.141421 0.000000 -0.141421 0.000000 -0.141421 -0.000478 -0.141421 0.000000 -0.000338 0.199999 -0.000338 0.000000 -2.107763 -6.000000 0.000000 1.000000 
0.141421 0.000000 -0.141421 0.000000 -0.141421 -0.000478 -0.141421 0.000000 -0.000338 0.199999 -0.000338 0.000000 -2.281003 -6.000000 0.000000 1.000000 
0.141421 0.000000 -0.141421 0.000000 -0.141421 -0.000478 -0.141421 0.000000 -0.000338 0.199999 -0.000338 0.000000 -2.441916 -6.000000 0.000000 1.000000 
0.141421 0.000000 -0.141421 0.000000 -0.141421 -0.000478 -0.141421 0.000000 -0.000338 0.199999 -0.000338 0.000000 -2.610097 -6.000000 0.000000 1.000000 
0.141421 0.000000 -0.141421 0.000000 -0.141421 -0.000478 -0.141421 0.000000 -0.000338 0.199999 -0.000338 0.000000 -2.772880 -6.000000 0.000000 1.000000 
0.141421 0.000000 -0.141421 0.000000 -0.141421 -0.000478 -0.141421 0.000000 -0.000338 0.199999 -0.000338 0.000000 -2.948461 -6.000000 0.000000 1.000000 
0.141421 0.000000 -0.141421 0.000000 -0.141421 -0.000478 -0.141421 0.000000 -0.000338 0.199999 -0.000338 0.000000 -3.106127 -6.000000 0.000000 1.000000 
0.141421 0.000000 -0.141421 0.000000 -0.141421 -0.000478 -0.141421 0.000000 -0.000338 0.199999 -0.000338 0.000000 -3.275466 -6.000000 0.000000 1.000000 
0.141421 0.000000 -0.141421 0.000000 -0.141421 -0.000478 -0.141421 0.000000 -0.000338 0.199999 -0.000338 0.000000 -3.440642 -6.000000 0.000000 1.000000 
0.141421 0.000000 -0.141421 0.000000 -0.141421 -0.000478 -0.141421 0.000000 -0.000338 0.199999 -0.000338 0.000000 -3.607836 -6.000000 0.000000 1.000000 
0.141421 0.000000 -0.141421 0.000000 -0.141421 -0.000478 -0.141421 0.000000 -0.000338 0.199999 -0.000338 0.000000 -3.773756 -6.000000 0.000000 1.000000 
0.141421 0.000000 -0.141421 0.000000 -0.141421 -0.000478 -0.141421 0.000000 -0.000338 0.199999 -0.000338 0.000000 -3.942518 -6.000000 0.000000 1.000000 
0.141421 0.000000 -0.141421 0.000000 -0.141421 -0.000478 -0.141421 0.000000 -0.000338 0.199999 -0.000338 0.000000 -4.107671 -6.000000 0.000000 1.000000 
0.141421 0.000000 -0.141421 0.000000 -0.141421 -0.000478 -0.141421 0.000000 -0.000338 0.199999 -0.000338 0.000000 -4.273996 -6.000000 0.000000 1.000000 
0.141421 0.000000 -0.141421 0.000000 -0.141421 -0.000478 -0.141421 0.000000 -0.000338 0.199999 -0.000338 0.000000 -4.441118 -6.000000 0.000000 1.000000 
0.141421 0.000000 -0.141421 0.000000 -0.141421 -0.000478 -0.141421 0.000000 -0.000338 0.199999 -0.000338 0.000000 -4.607520 -6.000000 0.000000 1.000000 
0.141421 0.000000 -0.141421 0.000000 -0.141421 -0.000478 -0.141421 0.000000 -0.000338 0.199999 -0.000338 0.000000 -4.781456 -6.000000 0.000000 1.000000 
0.141421 0.000000 -0.141421 0.000000 -0.141421 -0.000478 -0.141421 0.000000 -0.000338 0.199999 -0.000338 0.000000 -4.957910 -6.000000 0.000000 1.000000 
0.141421 0.000000 -0.141421 0.000000 -0.141421 -0.000478 -0.141421 0.000000 -0.000338 0.199999 -0.000338 0.000000 -5.106964 -6.000000 0.000000 1.000000 
0.141421 0.000000 -0.141421 0.000000 -0.141421 -0.000478 -0.141421 0.000000 -0.000338 0.199999 -0.000338 0.000000 -5.275860 -6.000000 0.000000 1.000000 
0.141421 0.000000 -0.141421 0.000000 -0.141421 -0.000478 -0.141421 0.000000 -0.000338 0.199999 -0.000338 0.000000 -5.444040 -6.000000 0.000000 1.000000 
0.141421 0.000000 -0.141421 0.000000 -0.141421 -0.000478 -0.141421 0.000000 -0.000338 0.199999 -0.000338 0.000000 -5.608521 -6.000000 0.000000 1.000000 
0.141421 0.000000 -0.141421 0.000000 -0.141421 -0.000478 -0.141421 0.000000 -0.000338 0.199999 -0.000338 0.000000 -5.773315 -6.000000 0.000000 1.000000 
0.141421 0.000000 -0.141421 0.000000 -0.141421 -0.000478 -0.141421 0.000000 -0.000338 0.199999 -0.000338 0.000000 -5.949340 -6.000000 0.000000 1.000000 
0.141421 0.000000 -0.141421 0.000000 -0.141421 -0.000478 -0.141421 0.000000 -0.000338 0.199999 -0.000338 0.000000 -6.106820 -6.000000 0.000000 1.000000 
0.141421 0.000000 -0.141421 0.000000 -0.141421 -0.000478 -0.141421 0.000000 -0.000338 0.199999 -0.000338 0.000000 -6.274924 -6.000000 0.000000 1.000000 
0.141421 0.000000 -0.141421 0.000000 -0.141421 -0.000478 -0.141421 0.000000 -0.000338 0.199999 -0.000338 0.000000 -6.441689 -6.000000 0.000000 1.000000 
0.141421 0.000000 -0.141421 0.000000 -0.141421 -0.000478 -0.141421 0.000000 -0.000338 0.199999 -0.000338 0.000000 -6.608834 -6.000000 0.000000 1.000000 
0.141421 0.000000 -0.141421 0.000000 -0.141421 -0.000478 -0.141421 0.000000 -0.000338 0.199999 -0.000338 0.000000 -6.774187 -6.000000 0.000000 1.000000 
0.141421 0.000000 -0.141421 0.000000 -0.141421 -0.000478 -0.141421 0.000000 -0.000338 0.199999 -0.000338 0.000000 -6.942458 -6.000000 0.000000 1.000000 
0.141421 0.000000 -0.141421 0.000000 -0.141421 -0.000478 -0.141421 0.000000 -0.000338 0.199999 -0.000338 0.000000 -7.108264 -6.000000 0.000000 1.000000 
0.141421 0.000000 -0.141421 0.000000 -0.141421 -0.000478 -0.141421 0.000000 -0.000338 0.199999 -0.000338 0.000000 -7.276063 -6.000000 0.000000 1.000000 
0.141421 0.000000 -0.141421 0.000000 -0.141421 -0.000478 -0.141421 0.000000 -0.000338 0.199999 -0.000338 0.000000 -7.441101 -6.000000 0.000000 1.000000 
0.141421 0.000000 -0.141421 0.000000 -0.141421 -0.000478 -0.141421 0.000000 -0.000338 0.199999 -0.000338 0.000000 -7.608790 -6.000000 0.000000 1.000000 
0.141421 0.000000 -0.141421 0.000000 -0.141421 -0.000478 -0.141421 0.000000 -0.000338 0.199999 -0.000338 0.000000 -7.773943 -6.000000 0.000000 1.000000 
0.141421 0.000000 -0.141421 0.000000 -0.141421 -0.000478 -0.141421 0.000000 -0.000338 0.199999 -0.000338 0.000000 -7.942467 -6.000000 0.000000 1.000000 
0.141421 0.000000 0.141421 0.000000 0.141421 -0.000478 -0.141421 0.000000 0.000338 0.199999 -0.000338 0.000000 -7.776165 -6.000000 0.000000 1.000000 
0.141421 0.000000 0.141421 0.000000 0.141421 -0.000478 -0.141421 0.000000 0.000338 0.199999 -0.000338 0.000000 -7.611098 -6.000000 0.000000 1.000000 
0.141421 0.000000 0.141421 0.000000 0.141421 -0.000478 -0.141421 0.000000 0.000338 0.199999 -0.000338 0.000000 -7.438278 -6.000000 0.000000 1.000000 
0.141421 0.000000 0.141421 0.000000 0.141421 -0.000478 -0.141421 0.000000 0.000338 0.199999 -0.000338 0.000000 -7.275844 -6.000000 0.000000 1.000000 
0.141421 0.000000 0.141421 0.000000 0.141421 -0.000478 -0.141421 0.000000 0.000338 0.199999 -0.000338 0.000000 -7.111053 -6.000000 0.000000 1.000000 
0.141421 0.000000 0.141421 0.000000 0.141421 -0.000478 -0.141421 0.000000 0.000338 0.199999 -0.000338 0.000000 -6.943846 -6.000000 0.000000 1.000000 
0.141421 0.000000 0.141421 0.000000 0.141421 -0.000478 -0.141421 0.000000 0.000338 0.199999 -0.000338 0.000000 -6.778307 -6.000000 0.000000 1.000000 
0.141421 0.000000 0.141421 0.000000 0.141421 -0.000478 -0.141421 0.000000 0.000338 0.199999 -0.000338 0.000000 -6.610928 -6.000000 0.000000 1.000000 
0.141421 0.000000 0.141421 0.000000 0.141421 -0.000478 -0.141421 0.000000 0.000338 0.199999 -0.000338 0.000000 -6.443505 -6.000000 0.000000 1.000000 
0.141421 0.000000 0.141421 0.000000 0.141421 -0.000478 -0.141421 0.000000 0.000338 0.199999 -0.000338 0.000000 -6.277313 -6.000000 0.000000 1.000000 
0.141421 0.000000 0.141421 0.000000 0.141421 -0.000478 -0.141421 0.000000 0.000338 0.199999 -0.000338 0.000000 -6.111150 -6.000000 0.000000 1.000000 
0.141421 0.000000 0.141421 0.000000 0.141421 -0.000478 -0.141421 0.000000 0.000338 0.199999 -0.000338 0.000000 -5.943837 -6.000000 0.000000 1.000000 
0.141421 0.000000 0.141421 0.000000 0.141421 -0.000478 -0.141421 0.000000 0.000338 0.199999 -0.000338 0.000000 -5.776963 -6.000000 0.000000 1.000000 
0.141421 0.000000 0.141421 0.000000 0.141421 -0.000478 -0.141421 0.000000 0.000338 0.199999 -0.000338 0.000000 -5.611072 -6.000000 0.000000 1.000000 
0.141421 0.000000 0.141421 0.000000 0.141421 -0.000478 -0.141421 0.000000 0.000338 0.199999 -0.000338 0.000000 -5.444074 -6.000000 0.000000 1.000000 
0.141421 0.000000 0.141421 0.000000 0.141421 -0.000478 -0.141421 0.000000 0.000338 0.199999 -0.000338 0.000000 -5.278759 -6.000000 0.000000 1.000000 
0.141421 0.000000 0.141421 0.000000 0.141421 -0.000478 -0.141421 0.000000 0.000338 0.199999 -0.000338 0.000000 -5.111628 -6.000000 0.000000 1.000000 
0.141421 0.000000 0.141421 0.000000 0.141421 -0.000478 -0.141421 0.000000 0.000338 0.199999 -0.000338 0.000000 -4.944520 -6.000000 0.000000 1.000000 
0.141421 0.000000 0.141421 0.000000 0.141421 -0.000478 -0.141421 0.000000 0.000338 0.199999 -0.000338 0.000000 -4.776812 -6.000000 0.000000 1.000000 
0.141421 0.000000 0.141421 0.000000 0.141421 -0.000478 -0.141421 0.000000 0.000338 0.199999 -0.000338 0.000000 -4.610982 -6.000000 0.000000 1.000000 
0.141421 0.000000 0.141421 0.000000 0.141421 -0.000478 -0.141421 0.000000 0.000338 0.199999 -0.000338 0.000000 -4.439883 -6.000000 0.000000 1.000000 
0.141421 0.000000 0.141421 0.000000 0.141421 -0.000478 -0.141421 0.000000 0.000338 0.199999 -0.000338 0.000000 -4.275250 -6.000000 0.000000 1.000000 
0.141421 0.000000 0.141421 0.000000 0.141421 -0.000478 -0.141421 0.000000 0.000338 0.199999 -0.000338 0.000000 -4.110489 -6.000000 0.000000 1.000000 
0.141421 0.000000 0.141421 0.000000 0.141421 -0.000478 -0.141421 0.000000 0.000338 0.199999 -0.000338 0.000000 -3.942847 -6.000000 0.000000 1.000000 
0.141421 0.000000 0.141421 0.000000 0.141421 -0.000478 -0.141421 0.000000 0.000338 0.199999 -0.000338 0.000000 -3.776789 -6.000000 0.000000 1.000000 
0.141421 0.000000 0.141421 0.000000 0.141421 -0.000478 -0.141421 0.000000 0.000338 0.199999 -0.000338 0.000000 -3.611450 -6.000000 0.000000 1.000000 
0.141421 0.000000 0.141421 0.000000 0.141421 -0.000478 -0.141421 0.000000 0.000338 0.199999 -0.000338 0.000000 -3.444386 -6.000000 0.000000 1.000000 
0.141421 0.000000 0.141421 0.000000 0.141421 -0.000478 -0.141421 0.000000 0.000338 0.199999 -0.000338 0.000000 -3.277364 -6.000000 0.000000 1.000000 
0.141421 0.000000 0.141421 0.000000 0.141421 -0.000478 -0.141421 0.000000 0.000338 0.199999 -0.000338 0.000000 -3.110690 -6.000000 0.000000 1.000000 
0.141421 0.000000 0.141421 0.000000 0.141421 -0.000478 -0.141421 0.000000 0.000338 0.199999 -0.000338 0.000000 -2.944078 -6.000000 0.000000 1.000000 
0.141421 0.000000 0.141421 0.000000 0.141421 -0.000478 -0.141421 0.000000 0.000338 0.199999 -0.000338 0.000000 -2.776814 -6.000000 0.000000 1.000000 
0.141421 0.000000 0.141421 0.000000 0.141421 -0.000478 -0.141421 0.000000 0.000338 0.199999 -0.000338 0.000000 -2.610846 -6.000000 0.000000 1.000000 
0.200000 0.000000 0.000000 0.000000 0.000000 -0.000478 -0.199999 0.000000 0.000000 0.199999 -0.000478 0.000000 -2.610846 -6.000000 0.000000 1.000000 
0.200000 0.000000 0.000000 0.000000 0.000000 -0.000478 -0.199999 0.000000 0.000000 0.199999 -0.000478 0.000000 -2.610846 -6.000000 0.000000 1.000000 
0.200000 0.000000 0.000000 0.000000 0.000000 -0.000478 -0.199999 0.000000 0.000000 0.199999 -0.000478 0.000000 -2.610846 -6.000000 0.000000 1.000000 
0.200000 0.000000 0.000000 0.000000 0.000000 -0.000478 -0.199999 0.000000 0.000000 0.199999 -0.000478 0.000000 -2.610846 -6.000000 0.000000 1.000000 
0.200000 0.000000 0.000000 0.000000 0.000000 -0.000478 -0.199999 0.000000 0.000000 0.199999 -0.000478 0.000000 -2.610846 -6.000000 0.000000 1.000000 
0.200000 0.000000 0.000000 0.000000 0.000000 -0.000478 -0.199999 0.000000 0.000000 0.199999 -0.000478 0.000000 -2.610846 -6.000000 0.000000 1.000000 
0.200000 0.000000 0.000000 0.000000 0.000000 -0.000478 -0.199999 0.000000 0.000000 0.199999 -0.000478 0.000000 -2.610846 -6.000000 0.000000 1.000000 
0.200000 0.000000 0.000000 0.000000 0.000000 -0.000478 -0.199999 0.000000 0.000000 0.199999 -0.000478 0.000000 -2.610846 -6.000000 0.000000 1.000000 
0.200000 0.000000 0.000000 0.000000 0.000000 -0.000478 -0.199999 0.000000 0.000000 0.199999 -0.000478 0.000000 -2.610846 -6.000000 0.000000 1.000000 
0.200000 0.000000 0.000000 0.000000 0.000000 -0.000478 -0.199999 0.000000 0.000000 0.199999 -0.000478 0.000000 -2.610846 -6.000000 0.000000 1.000000 
0.200000 0.000000 0.000000 0.000000 0.000000 -0.000478 -0.199999 0.000000 0.000000 0.199999 -0.000478 0.000000 -2.610846 -6.000000 0.000000 1.000000 
0.200000 0.000000 0.000000 0.000000 0.000000 -0.000478 -0.199999 0.000000 0.000000 0.199999 -0.000478 0.000000 -2.610846 -6.000000 0.000000 1.000000 
0.200000 0.000000 0.000000 0.000000 0.000000 -0.000478 -0.199999 0.000000 0.000000 0.199999 -0.000478 0.000000 -2.610846 -6.000000 0.000000 1.000000 
0.200000 0.000000 0.000000 0.000000 0.000000 -0.000478 -0.199999 0.000000 0.000000 0.199999 -0.000478 0.000000 -2.610846 -6.000000 0.000000 1.000000 
0.200000 0.000000 0.000000 0.000000 0.000000 -0.000478 -0.199999 0.000000 0.000000 0.199999 -0.000478 0.000000 0.000000 -6.000000 0.000000 1.000000 
0.200000 0.000000 0.000000 0.000000 0.000000 -0.000478 -0.199999 0.000000 0.000000 0.199999 -0.000478 0.000000 0.000000 -6.000000 0.000000 1.000000 
0.200000 0.000000 0.000000 0.000000 0.000000 -0.000478 -0.199999 0.000000 0.000000 0.199999 -0.000478 0.000000 0.000000 -6.000000 0.000000 1.000000 
0.200000 0.000000 0.000000 0.000000 0.000000 -0.000478 -0.199999 0.000000 0.000000 0.199999 -0.000478 0.000000 0.000000 -6.000000 0.000000 1.000000 
0.200000 0.000000 0.000000 0.000000 0.000000 -0.000478 -0.199999 0.000000 0.000000 0.199999 -0.000478 0.000000 0.000000 -6.000000 0.000000 1.000000 
0.200000 0.000000 0.000000 0.000000 0.000000 -0.000478 -0.199999 0.000000 0.000000 0.199999 -0.000478 0.000000 0.000000 -6.000000 0.000000 1.000000 
0.200000 0.000000 0.000000 0.000000 0.000000 -0.000478 -0.199999 0.000000 0.000000 0.199999 -0.000478 0.000000 0.000000 -6.000000 0.000000 1.000000 
0.200000 0.000000 0.000000 0.000000 0.000000 -0.000478 -0.199999 0.000000 0.000000 0.199999 -0.000478 0.000000 0.000000 -6.000000 0.000000 1.000000 
0.200000 0.000000 0.000000 0.000000 0.000000 -0.000478 -0.199999 0.000000 0.000000 0.199999 -0.000478 0.000000 0.000000 -6.000000 0.000000 1.000000 
0.200000 0.000000 0.000000 0.000000 0.000000 -0.000478 -0.199999 0.000000 0.000000 0.199999 -0.000478 0.000000 0.000000 -6.000000 0.000000 1.000000 
0.200000 0.000000 0.000000 0.000000 0.000000 -0.000478 -0.199999 0.000000 0.000000 0.199999 -0.000478 0.000000 0.000000 -6.000000 0.000000 1.000000 
0.200000 0.000000 0.000000 0.000000 0.000000 -0.000478 -0.199999 0.000000 0.000000 0.199999 -0.000478 0.000000 0.000000 -6.000000 0.000000 1.000000 
0.200000 0.000000 0.000000 0.000000 0.000000 -0.000478 -0.199999 0.000000 0.000000 0.199999 -0.000478 0.000000 0.000000 -6.000000 0.000000 1.000000 
0.200000 0.000000 0.000000 0.000000 0.000000 -0.000478 -0.199999 0.000000 0.000000 0.199999 -0.000478 0.000000 0.000000 -6.000000 0.000000 1.000000 
0.200000 0.000000 0.000000 0.000000 0.000000 -0.000478 -0.199999 0.000000 0.000000 0.199999 -0.000478 0.000000 0.000000 -6.000000 0.000000 1.000000 
0.200000 0.000000 0.000000 0.000000 0.000000 -0.000478 -0.199999 0.000000 0.000000 0.199999 -0.000478 0.000000 0.000000 -6.000000 0.000000 1.000000 
0.200000 0.000000 0.000000 0.000000 0.000000 -0.000478 -0.199999 0.000000 0.000000 0.199999 -0.000478 0.000000 0.000000 -6.000000 0.000000 1.000000 
0.200000 0.000000 0.000000 0.000000 0.000000 -0.000478 -0.199999 0.000000 0.000000 0.199999 -0.000478 0.000000 0.000000 -6.000000 0.000000 1.000000 
0.200000 0.000000 0.000000 0.000000 0.000000 -0.000478 -0.199999 0.000000 0.000000 0.199999 -0.000478 0.000000 0.000000 -6.000000 0.000000 1.000000 
0.200000 0.000000 0.000000 0.000000 0.000000 -0.000478 -0.199999 0.000000 0.000000 0.199999 -0.000478 0.000000 0.000000 -6.000000 0.000000 1.000000 
0.141421 0.000000 0.141421 0.000000 0.141421 -0.000478 -0.141421 0.000000 0.000338 0.199999 -0.000338 0.000000 0.174646 -6.000000 0.000000 1.000000 
0.141421 0.000000 0.141421 0.000000 0.141421 -0.000478 -0.141421 0.000000 0.000338 0.199999 -0.000338 0.000000 0.333881 -6.000000 0.000000 1.000000 
0.141421 0.000000 0.141421 0.000000 0.141421 -0.000478 -0.141421 0.000000 0.000338 0.199999 -0.000338 0.000000 0.499544 -6.000000 0.000000 1.000000 
0.141421 0.000000 0.141421 0.000000 0.141421 -0.000478 -0.141421 0.000000 0.000338 0.199999 -0.000338 0.000000 0.666585 -6.000000 0.000000 1.000000 
0.141421 0.000000 0.141421 0.000000 0.141421 -0.000478 -0.141421 0.000000 0.000338 0.199999 -0.000338 0.000000 0.833430 -6.000000 0.000000 1.000000 
0.141421 0.000000 0.141421 0.000000 0.141421 -0.000478 -0.141421 0.000000 0.000338 0.199999 -0.000338 0.000000 1.000185 -6.000000 0.000000 1.000000 
0.141421 0.000000 0.141421 0.000000 0.141421 -0.000478 -0.141421 0.000000 0.000338 0.199999 -0.000338 0.000000 1.167021 -6.000000 0.000000 1.000000 
0.141421 0.000000 0.141421 0.000000 0.141421 -0.000478 -0.141421 0.000000 0.000338 0.199999 -0.000338 0.000000 1.333523 -6.000000 0.000000 1.000000 
0.141421 0.000000 0.141421 0.000000 0.141421 -0.000478 -0.141421 0.000000 0.000338 0.199999 -0.000338 0.000000 1.505337 -6.000000 0.000000 1.000000 
0.141421 0.000000 0.141421 0.000000 0.141421 -0.000478 -0.141421 0.000000 0.000338 0.199999 -0.000338 0.000000 1.666198 -6.000000 0.000000 1.000000 
0.141421 0.000000 0.141421 0.000000 0.141421 -0.000478 -0.141421 0.000000 0.000338 0.199999 -0.000338 0.000000 1.833043 -6.000000 0.000000 1.000000 
0.141421 0.000000 0.141421 0.000000 0.141421 -0.000478 -0.141421 0.000000 0.000338 0.199999 -0.000338 0.000000 2.000694 -6.000000 0.000000 1.000000 
0.141421 0.000000 0.141421 0.000000 0.141421 -0.000478 -0.141421 0.000000 0.000338 0.199999 -0.000338 0.000000 2.166815 -6.000000 0.000000 1.000000 
0.141421 0.000000 0.141421 0.000000 0.141421 -0.000478 -0.141421 0.000000 0.000338 0.199999 -0.000338 0.000000 2.333236 -6.000000 0.000000 1.000000 
0.141421 0.000000 0.141421 0.000000 0.141421 -0.000478 -0.141421 0.000000 0.000338 0.199999 -0.000338 0.000000 2.499914 -6.000000 0.000000 1.000000 
0.141421 0.000000 0.141421 0.000000 0.141421 -0.000478 -0.141421 0.000000 0.000338 0.199999 -0.000338 0.000000 2.666421 -6.000000 0.000000 1.000000 
0.141421 0.000000 0.141421 0.000000 0.141421 -0.000478 -0.141421 0.000000 0.000338 0.199999 -0.000338 0.000000 2.833958 -6.000000 0.000000 1.000000 
0.141421 0.000000 0.141421 0.000000 0.141421 -0.000478 -0.141421 0.000000 0.000338 0.199999 -0.000338 0.000000 3.000350 -6.000000 0.000000 1.000000 
0.141421 0.000000 0.141421 0.000000 0.141421 -0.000478 -0.141421 0.000000 0.000338 0.199999 -0.000338 0.000000 3.167024 -6.000000 0.000000 1.000000 
0.141421 0.000000 0.141421 0.000000 0.141421 -0.000478 -0.141421 0.000000 0.000338 0.199999 -0.000338 0.000000 3.334341 -6.000000 0.000000 1.000000 
0.141421 0.000000 0.141421 0.000000 0.141421 -0.000478 -0.141421 0.000000 0.000338 0.199999 -0.000338 0.000000 3.529758 -6.000000 0.000000 1.000000 
0.141421 0.000000 -0.141421 0.000000 -0.141421 -0.000478 -0.141421 0.000000 -0.000338 0.199999 -0.000338 0.000000 3.388143 -6.000000 0.000000 1.000000 
0.141421 0.000000 -0.141421 0.000000 -0.141421 -0.000478 -0.141421 0.000000 -0.000338 0.199999 -0.000338 0.000000 3.216491 -6.000000 0.000000 1.000000 
0.141421 0.000000 -0.141421 0.000000 -0.141421 -0.000478 -0.141421 0.000000 -0.000338 0.199999 -0.000338 0.000000 3.052039 -6.000000 0.000000 1.000000 
0.141421 0.000000 -0.141421 0.000000 -0.141421 -0.000478 -0.141421 0.000000 -0.000338 0.199999 -0.000338 0.000000 2.892718 -6.000000 0.000000 1.000000 
0.141421 0.000000 -0.141421 0.000000 -0.141421 -0.000478 -0.141421 0.000000 -0.000338 0.199999 -0.000338 0.000000 2.726603 -6.000000 0.000000 1.000000 
0.141421 0.000000 -0.141421 0.000000 -0.141421 -0.000478 -0.141421 0.000000 -0.000338 0.199999 -0.000338 0.000000 2.558045 -6.000000 0.000000 1.000000 
0.141421 0.000000 -0.141421 0.000000 -0.141421 -0.000478 -0.141421 0.000000 -0.000338 0.199999 -0.000338 0.000000 2.392282 -6.000000 0.000000 1.000000 
0.141421 0.000000 -0.141421 0.000000 -0.141421 -0.000478 -0.141421 0.000000 -0.000338 0.199999 -0.000338 0.000000 2.226682 -6.000000 0.000000 1.000000 
0.141421 0.000000 -0.141421 0.000000 -0.141421 -0.000478 -0.141421 0.000000 -0.000338 0.199999 -0.000338 0.000000 2.059932 -6.000000 0.000000 1.000000 
0.141421 0.000000 -0.141421 0.000000 -0.141421 -0.000478 -0.141421 0.000000 -0.000338 0.199999 -0.000338 0.000000 1.892738 -6.000000 0.000000 1.000000 
0.141421 0.000000 -0.141421 0.000000 -0.141421 -0.000478 -0.141421 0.000000 -0.000338 0.199999 -0.000338 0.000000 1.726551 -6.000000 0.000000 1.000000 
0.141421 0.000000 -0.141421 0.000000 -0.141421 -0.000478 -0.141421 0.000000 -0.000338 0.199999 -0.000338 0.000000 1.560378 -6.000000 0.000000 1.000000 
0.141421 0.000000 -0.141421 0.000000 -0.141421 -0.000478 -0.141421 0.000000 -0.000338 0.199999 -0.000338 0.000000 1.393452 -6.000000 0.000000 1.000000 
0.141421 0.000000 -0.141421 0.000000 -0.141421 -0.000478 -0.141421 0.000000 -0.000338 0.199999 -0.000338 0.000000 1.226754 -6.000000 0.000000 1.000000 
0.141421 0.000000 -0.141421 0.000000 -0.141421 -0.000478 -0.141421 0.000000 -0.000338 0.199999 -0.000338 0.000000 1.057992 -6.000000 0.000000 1.000000 
0.141421 0.000000 -0.141421 0.000000 -0.141421 -0.000478 -0.141421 0.000000 -0.000338 0.199999 -0.000338 0.000000 0.892310 -6.000000 0.000000 1.000000 
0.141421 0.000000 -0.141421 0.000000 -0.141421 -0.000478 -0.141421 0.000000 -0.000338 0.199999 -0.000338 0.000000 0.725365 -6.000000 0.000000 1.000000 
0.141421 0.000000 -0.141421 0.000000 -0.141421 -0.000478 -0.141421 0.000000 -0.000338 0.199999 -0.000338 0.000000 0.558348 -6.000000 0.000000 1.000000 
0.141421 0.000000 -0.141421 0.000000 -0.141421 -0.000478 -0.141421 0.000000 -0.000338 0.199999 -0.000338 0.000000 0.392518 -6.000000 0.000000 1.000000 
0.141421 0.000000 -0.141421 0.000000 -0.141421 -0.000478 -0.141421 0.000000 -0.000338 0.199999 -0.000338 0.000000 0.220890 -6.000000 0.000000 1.000000 
0.141421 0.000000 -0.141421 0.000000 -0.141421 -0.000478 -0.141421 0.000000 -0.000338 0.199999 -0.000338 0.000000 0.057449 -6.000000 0.000000 1.000000 
0.141421 0.000000 -0.141421 0.000000 -0.141421 -0.000478 -0.141421 0.000000 -0.000338 0.199999 -0.000338 0.000000 -0.107784 -6.000000 0.000000 1.000000 
0.141421 0.000000 -0.141421 0.000000 -0.141421 -0.000478 -0.141421 0.000000 -0.000338 0.199999 -0.000338 0.000000 -0.274682 -6.000000 0.000000 1.000000 
0.141421 0.000000 -0.141421 0.000000 -0.141421 -0.000478 -0.141421 0.000000 -0.000338 0.199999 -0.000338 0.000000 -0.444584 -6.000000 0.000000 1.000000 
0.141421 0.000000 -0.141421 0.000000 -0.141421 -0.000478 -0.141421 0.000000 -0.000338 0.199999 -0.000338 0.000000 -0.607767 -6.000000 0.000000 1.000000 
0.141421 0.000000 -0.141421 0.000000 -0.141421 -0.000478 -0.141421 0.000000 -0.000338 0.199999 -0.000338 0.000000 -0.774202 -6.000000 0.000000 1.000000 
0.141421 0.000000 -0.141421 0.000000 -0.141421 -0.000478 -0.141421 0.000000 -0.000338 0.199999 -0.000338 0.000000 -0.940957 -6.000000 0.000000 1.000000 
0.141421 0.000000 -0.141421 0.000000 -0.141421 -0.000478 -0.141421 0.000000 -0.000338 0.199999 -0.000338 0.000000 -1.107168 -6.000000 0.000000 1.000000 
0.141421 0.000000 -0.141421 0.000000 -0.141421 -0.000478 -0.141421 0.000000 -0.000338 0.199999 -0.000338 0.000000 -1.274347 -6.000000 0.000000 1.000000 
0.141421 0.000000 -0.141421 0.000000 -0.141421 -0.000478 -0.141421 0.000000 -0.000338 0.199999 -0.000338 0.000000 -1.445112 -6.000000 0.000000 1.000000 
0.141421 0.000000 -0.141421 0.000000 -0.141421 -0.000478 -0.141421 0.000000 -0.000338 0.199999 -0.000338 0.000000 -1.608787 -6.000000 0.000000 1.000000 
0.141421 0.000000 -0.141421 0.000000 -0.141421 -0.000478 -0.141421 0.000000 -0.000338 0.199999 -0.000338 0.000000 -1.774101 -6.000000 0.000000 1.000000 
0.141421 0.000000 -0.141421 0.000000 -0.141421 -0.000478 -0.141421 0.000000 -0.000338 0.199999 -0.000338 0.000000 -1.950636 -6.000000 0.000000 1.000000 
0.141421 0.000000 -0.141421 0.000000 -0.141421 -0.000478 -0.141421 0.000000 -0.000338 0.199999 -0.000338 0.000000 -2.107763 -6.000000 0.000000 1.000000 
0.141421 0.000000 -0.141421 0.000000 -0.141421 -0.000478 -0.141421 0.000000 -0.000338 0.199999 -0.000338 0.000000 -2.281003 -6.000000 0.000000 1.000000 
0.141421 0.000000 -0.141421 0.000000 -0.141421 -0.000478 -0.141421 0.000000 -0.000338 0.199999 -0.000338 0.000000 -2.441916 -6.000000 0.000000 1.000000 
0.141421 0.000000 -0.141421 0.000000 -0.141421 -0.000478 -0.141421 0.000000 -0.000338 0.199999 -0.000338 0.000000 -2.610097 -6.000000 0.000000 1.000000 
0.141421 0.000000 -0.141421 0.000000 -0.141421 -0.000478 -0.141421 0.000000 -0.000338 0.199999 -0.000338 0.000000 -2.772880 -6.000000 0.000000 1.000000 
0.141421 0.000000 -0.141421 0.000000 -0.141421 -0.000478 -0.141421 0.000000 -0.000338 0.199999 -0.000338 0.000000 -2.948461 -6.000000 0.000000 1.000000 
0.141421 0.000000 -0.141421 0.000000 -0.141421 -0.000478 -0.141421 0.000000 -0.000338 0.199999 -0.000338 0.000000 -3.106127 -6.000000 0.000000 1.000000 
0.141421 0.000000 -0.141421 0.000000 -0.141421 -0.000478 -0.141421 0.000000 -0.000338 0.199999 -0.000338 0.000000 -3.275466 -6.000000 0.000000 1.000000 
0.141421 0.000000 -0.141421 0.000000 -0.141421 -0.000478 -0.141421 0.000000 -0.000338 0.199999 -0.000338 0.000000 -3.440642 -6.000000 0.000000 1.000000 
0.141421 0.000000 -0.141421 0.000000 -0.141421 -0.000478 -0.141421 0.000000 -0.000338 0.199999 -0.000338 0.000000 -3.607836 -6.000000 0.000000 1.000000 
0.141421 0.000000 -0.141421 0.000000 -0.141421 -0.000478 -0.141421 0.000000 -0.000338 0.199999 -0.000338 0.000000 -3.773756 -6.000000 0.000000 1.000000 
0.141421 0.000000 -0.141421 0.000000 -0.141421 -0.000478 -0.141421 0.000000 -0.000338 0.199999 -0.000338 0.000000 -3.942518 -6.000000 0.000000 1.000000 
0.141421 0.000000 -0.141421 0.000000 -0.141421 -0.000478 -0.141421 0.000000 -0.000338 0.199999 -0.000338 0.000000 -4.107671 -6.000000 0.000000 1.000000 
0.141421 0.000000 -0.141421 0.000000 -0.141421 -0.000478 -0.141421 0.000000 -0.000338 0.199999 -0.000338 0.000000 -4.273996 -6.000000 0.000000 1.000000 
0.141421 0.000000 -0.141421 0.000000 -0.141421 -0.000478 -0.141421 0.000000 -0.000338 0.199999 -0.000338 0.000000 -4.441118 -6.000000 0.000000 1.000000 
0.141421 0.000000 -0.141421 0.000000 -0.141421 -0.000478 -0.141421 0.000000 -0.000338 0.199999 -0.000338 0.000000 -4.607520 -6.000000 0.000000 1.000000 
0.141421 0.000000 -0.141421 0.000000 -0.141421 -0.000478 -0.141421 0.000000 -0.000338 0.199999 -0.000338 0.000000 -4.781456 -6.000000 0.000000 1.000000 
0.141421 0.000000 -0.141421 0.000000 -0.141421 -0.000478 -0.141421 0.000000 -0.000338 0.199999 -0.000338 0.000000 -4.957910 -6.000000 0.000000 1.000000 
0.141421 0.000000 -0.141421 0.000000 -0.141421 -0.000478 -0.141421 0.000000 -0.000338 0.199999 -0.000338 0.000000 -5.106964 -6.000000 0.000000 1.000000 
0.141421 0.000000 -0.141421 0.000000 -0.141421 -0.000478 -0.141421 0.000000 -0.000338 0.199999 -0.000338 0.000000 -5.275860 -6.000000 0.000000 1.000000 
0.141421 0.000000 -0.141421 0.000000 -0.141421 -0.000478 -0.141421 0.000000 -0.000338 0.199999 -0.000338 0.000000 -5.444040 -6.000000 0.000000 1.000000 
0.141421 0.000000 -0.141421 0.000000 -0.141421 -0.000478 -0.141421 0.000000 -0.000338 0.199999 -0.000338 0.000000 -5.608521 -6.000000 0.000000 1.000000 
0.141421 0.000000 -0.141421 0.000000 -0.141421 -0.000478 -0.141421 0.000000 -0.000338 0.199999 -0.000338 0.000000 -5.773315 -6.000000 0.000000 1.000000 
0.141421 0.000000 -0.141421 0.000000 -0.141421 -0.000478 -0.141421 0.000000 -0.000338 0.199999 -0.000338 0.000000 -5.949340 -6.000000 0.000000 1.000000 
0.141421 0.000000 -0.141421 0.000000 -0.141421 -0.000478 -0.141421 0.000000 -0.000338 0.199999 -0.000338 0.000000 -6.106820 -6.000000 0.000000 1.000000 
0.141421 0.000000 -0.141421 0.000000 -0.141421 -0.000478 -0.141421 0.000000 -0.000338 0.199999 -0.000338 0.000000 -6.274924 -6.000000 0.000000 1.000000 
0.141421 0.000000 -0.141421 0.000000 -0.141421 -0.000478 -0.141421 0.000000 -0.000338 0.199999 -0.000338 0.000000 -6.441689 -6.000000 0.000000 1.000000 
0.141421 0.000000 -0.141421 0.000000 -0.141421 -0.000478 -0.141421 0.000000 -0.000338 0.199999 -0.000338 0.000000 -6.608834 -6.000000 0.000000 1.000000 
0.141421 0.000000 -0.141421 0.000000 -0.141421 -0.000478 -0.141421 0.000000 -0.000338 0.199999 -0.000338 0.000000 -6.774187 -6.000000 0.000000 1.000000 
0.141421 0.000000 -0.141421 0.000000 -0.141421 -0.000478 -0.141421 0.000000 -0.000338 0.199999 -0.000338 0.000000 -6.942458 -6.000000 0.000000 1.000000 
0.141421 0.000000 -0.141421 0.000000 -0.141421 -0.000478 -0.141421 0.000000 -0.000338 0.199999 -0.000338 0.000000 -7.108264 -6.000000 0.000000 1.000000 
0.141421 0.000000 -0.141421 0.000000 -0.141421 -0.000478 -0.141421 0.000000 -0.000338 0.199999 -0.000338 0.000000 -7.276063 -6.000000 0.000000 1.000000 
0.141421 0.000000 -0.141421 0.000000 -0.141421 -0.000478 -0.141421 0.000000 -0.000338 0.199999 -0.000338 0.000000 -7.441101 -6.000000 0.000000 1.000000 
0.141421 0.000000 -0.141421 0.000000 -0.141421 -0.000478 -0.141421 0.000000 -0.000338 0.199999 -0.000338 0.000000 -7.608790 -6.000000 0.000000 1.000000 
0.141421 0.000000 -0.141421 0.000000 -0.141421 -0.000478 -0.141421 0.000000 -0.000338 0.199999 -0.000338 0.000000 -7.773943 -6.000000 0.000000 1.000000 
0.141421 0.000000 -0.141421 0.000000 -0.141421 -0.000478 -0.141421 0.000000 -0.000338 0.199999 -0.000338 0.000000 -7.942467 -6.000000 0.000000 1.000000 
0.141421 0.000000 0.141421 0.000000 0.141421 -0.000478 -0.141421 0.000000 0.000338 0.199999 -0.000338 0.000000 -7.776165 -6.000000 0.000000 1.000000 
0.141421 0.000000 0.141421 0.000000 0.141421 -0.000478 -0.141421 0.000000 0.000338 0.199999 -0.000338 0.000000 -7.611098 -6.000000 0.000000 1.000000 
0.141421 0.000000 0.141421 0.000000 0.141421 -0.000478 -0.141421 0.000000 0.000338 0.199999 -0.000338 0.000000 -7.438278 -6.000000 0.000000 1.000000 
0.141421 0.000000 0.141421 0.000000 0.141421 -0.000478 -0.141421 0.000000 0.000338 0.199999 -0.000338 0.000000 -7.275844 -6.000000 0.000000 1.000000 
0.141421 0.000000 0.141421 0.000000 0.141421 -0.000478 -0.141421 0.000000 0.000338 0.199999 -0.000338 0.000000 -7.111053 -6.000000 0.000000 1.000000 
0.141421 0.000000 0.141421 0.000000 0.141421 -0.000478 -0.141421 0.000000 0.000338 0.199999 -0.000338 0.000000 -6.943846 -6.000000 0.000000 1.000000 
0.141421 0.000000 0.141421 0.000000 0.141421 -0.000478 -0.141421 0.000000 0.000338 0.199999 -0.000338 0.000000 -6.778307 -6.000000 0.000000 1.000000 
0.141421 0.000000 0.141421 0.000000 0.141421 -0.000478 -0.141421 0.000000 0.000338 0.199999 -0.000338 0.000000 -6.610928 -6.000000 0.000000 1.000000 
0.141421 0.000000 0.141421 0.000000 0.141421 -0.000478 -0.141421 0.000000 0.000338 0.199999 -0.000338 0.000000 -6.443505 -6.000000 0.000000 1.000000 
0.141421 0.000000 0.141421 0.000000 0.141421 -0.000478 -0.141421 0.000000 0.000338 0.199999 -0.000338 0.000000 -6.277313 -6.000000 0.000000 1.000000 
0.141421 0.000000 0.141421 0.000000 0.141421 -0.000478 -0.141421 0.000000 0.000338 0.199999 -0.000338 0.000000 -6.111150 -6.000000 0.000000 1.000000 
0.141421 0.000000 0.141421 0.000000 0.141421 -0.000478 -0.141421 0.000000 0.000338 0.199999 -0.000338 0.000000 -5.943837 -6.000000 0.000000 1.000000 
0.141421 0.000000 0.141421 0.000000 0.141421 -0.000478 -0.141421 0.000000 0.000338 0.199999 -0.000338 0.000000 -5.776963 -6.000000 0.000000 1.000000 
0.141421 0.000000 0.141421 0.000000 0.141421 -0.000478 -0.141421 0.000000 0.000338 0.199999 -0.000338 0.000000 -5.611072 -6.000000 0.000000 1.000000 
0.141421 0.000000 0.141421 0.000000 0.141421 -0.000478 -0.141421 0.000000 0.000338 0.199999 -0.000338 0.000000 -5.444074 -6.000000 0.000000 1.000000 
0.141421 0.000000 0.141421 0.000000 0.141421 -0.000478 -0.141421 0.000000 0.000338 0.199999 -0.000338 0.000000 -5.278759 -6.000000 0.000000 1.000000 
0.141421 0.000000 0.141421 0.000000 0.141421 -0.000478 -0.141421 0.000000 0.000338 0.199999 -0.000338 0.000000 -5.111628 -6.000000 0.000000 1.000000 
0.141421 0.000000 0.141421 0.000000 0.141421 -0.000478 -0.141421 0.000000 0.000338 0.199999 -0.000338 0.000000 -4.944520 -6.000000 0.000000 1.000000 
0.141421 0.000000 0.141421 0.000000 0.141421 -0.000478 -0.141421 0.000000 0.000338 0.199999 -0.000338 0.000000 -4.776812 -6.000000 0.000000 1.000000 
0.141421 0.000000 0.141421 0.000000 0.141421 -0.000478 -0.141421 0.000000 0.000338 0.199999 -0.000338 0.000000 -4.610982 -6.000000 0.000000 1.000000 
0.141421 0.000000 0.141421 0.000000 0.141421 -0.000478 -0.141421 0.000000 0.000338 0.199999 -0.000338 0.000000 -4.439883 -6.000000 0.000000 1.000000 
0.141421 0.000000 0.141421 0.000000 0.141421 -0.000478 -0.141421 0.000000 0.000338 0.199999 -0.000338 0.000000 -4.275250 -6.000000 0.000000 1.000000 
0.141421 0.000000 0.141421 0.000000 0.141421 -0.000478 -0.141421 0.000000 0.000338 0.199999 -0.000338 0.000000 -4.110489 -6.000000 0.000000 1.000000 
0.141421 0.000000 0.141421 0.000000 0.141421 -0.000478 -0.141421 0.000000 0.000338 0.199999 -0.000338 0.000000 -3.942847 -6.000000 0.000000 1.000000 
0.141421 0.000000 0.141421 0.000000 0.141421 -0.000478 -0.141421 0.000000 0.000338 0.199999 -0.000338 0.000000 -3.776789 -6.000000 0.000000 1.000000 
0.141421 0.000000 0.141421 0.000000 0.141421 -0.000478 -0.141421 0.000000 0.000338 0.199999 -0.000338 0.000000 -3.611450 -6.000000 0.000000 1.000000 
0.141421 0.000000 0.141421 0.000000 0.141421 -0.000478 -0.141421 0.000000 0.000338 0.199999 -0.000338 0.000000 -3.444386 -6.000000 0.000000 1.000000 
0.141421 0.000000 0.141421 0.000000 0.141421 -0.000478 -0.141421 0.000000 0.000338 0.199999 -0.000338 0.000000 -3.277364 -6.000000 0.000000 1.000000 
0.141421 0.000000 0.141421 0.000000 0.141421 -0.000478 -0.141421 0.000000 0.000338 0.199999 -0.000338 0.000000 -3.110690 -6.000000 0.000000 1.000000 
0.141421 0.000000 0.141421 0.000000 0.141421 -0.000478 -0.141421 0.000000 0.000338 0.199999 -0.000338 0.000000 -2.944078 -6.000000 0.000000 1.000000 
0.141421 0.000000 0.141421 0.000000 0.141421 -0.000478 -0.141421 0.000000 0.000338 0.199999 -0.000338 0.000000 -2.776814 -6.000000 0.000000 1.000000 
0.141421 0.000000 0.141421 0.000000 0.141421 -0.000478 -0.141421 0.000000 0.000338 0.199999 -0.000338 0.000000 -2.610846 -6.000000 0.000000 1.000000 
0.200000 0.000000 0.000000 0.000000 0.000000 -0.000478 -0.199999 0.000000 0.000000 0.199999 -0.000478 0.000000 -2.610846 -6.000000 0.000000 1.000000 
0.200000 0.000000 0.000000 0.000000 0.000000 -0.000478 -0.199999 0.000000 0.000000 0.199999 -0.000478 0.000000 -2.610846 -6.000000 0.000000 1.000000 
0.200000 0.000000 0.000000 0.000000 0.000000 -0.000478 -0.199999 0.000000 0.000000 0.199999 -0.000478 0.000000 -2.610846 -6.000000 0.000000 1.000000 
0.200000 0.000000 0.000000 0.000000 0.000000 -0.000478 -0.199999 0.000000 0.000000 0.199999 -0.000478 0.000000 -2.610846 -6.000000 0.000000 1.000000 
0.200000 0.000000 0.000000 0.000000 0.000000 -0.000478 -0.199999 0.000000 0.000000 0.199999 -0.000478 0.000000 -2.610846 -6.000000 0.000000 1.000000 
0.200000 0.000000 0.000000 0.000000 0.000000 -0.000478 -0.199999 0.000000 0.000000 0.199999 -0.000478 0.000000 -2.610846 -6.000000 0.000000 1.000000 
0.200000 0.000000 0.000000 0.000000 0.000000 -0.000478 -0.199999 0.000000 0.000000 0.199999 -0.000478 0.000000 -2.610846 -6.000000 0.000000 1.000000 
0.200000 0.000000 0.000000 0.000000 0.000000 -0.000478 -0.199999 0.000000 0.000000 0.199999 -0.000478 0.000000 -2.610846 -6.000000 0.000000 1.000000 
0.200000 0.000000 0.000000 0.000000 0.000000 -0.000478 -0.199999 0.000000 0.000000 0.199999 -0.000478 0.000000 -2.610846 -6.000000 0.000000 1.000000 
0.200000 0.000000 0.000000 0.000000 0.000000 -0.000478 -0.199999 0.000000 0.000000 0.199999 -0.000478 0.000000 -2.610846 -6.000000 0.000000 1.000000 
0.200000 0.000000 0.000000 0.000000 0.000000 -0.000478 -0.199999 0.000000 0.000000 0.199999 -0.000478 0.000000 -2.610846 -6.000000 0.000000 1.000000 
0.200000 0.000000 0.000000 0.000000 0.000000 -0.000478 -0.199999 0.000000 0.000000 0.199999 -0.000478 0.000000 -2.610846 -6.000000 0.000000 1.000000 
0.200000 0.000000 0.000000 0.000000 0.000000 -0.000478 -0.199999 0.000000 0.000000 0.199999 -0.000478 0.000000 -2.610846 -6.000000 0.000000 1.000000 
0.200000 0.000000 0.000000 0.000000 0.000000 -0.000478 -0.199999 0.000000 0.000000 0.199999 -0.000478 0.000000 -2.610846 -6.000000 0.000000 1.000000 
0.200000 0.000000 0.000000 0.000000 0.000000 -0.000478 -0.199999 0.000000 0.000000 0.199999 -0.000478 0.000000 0.000000 -6.000000 0.000000 1.000000 
0.200000 0.000000 0.000000 0.000000 0.000000 -0.000478 -0.199999 0.000000 0.000000 0.199999 -0.000478 0.000000 0.000000 -6.000000 0.000000 1.000000 
0.200000 0.000000 0.000000 0.000000 0.000000 -0.000478 -0.199999 0.000000 0.000000 0.199999 -0.000478 0.000000 0.000000 -6.000000 0.000000 1.000000 
0.200000 0.000000 0.000000 0.000000 0.000000 -0.000478 -0.199999 0.000000 0.000000 0.199999 -0.000478 0.000000 0.000000 -6.000000 0.000000 1.000000 
0.200000 0.000000 0.000000 0.000000 0.000000 -0.000478 -0.199999 0.000000 0.000000 0.199999 -0.000478 0.000000 0.000000 -6.000000 0.000000 1.000000 
0.200000 0.000000 0.000000 0.000000 0.000000 -0.000478 -0.199999 0.000000 0.000000 0.199999 -0.000478 0.000000 0.000000 -6.000000 0.000000 1.000000 
0.200000 0.000000 0.000000 0.000000 0.000000 -0.000478 -0.199999 0.000000 0.000000 0.199999 -0.000478 0.000000 0.000000 -6.000000 0.000000 1.000000 
0.200000 0.000000 0.000000 0.000000 0.000000 -0.000478 -0.199999 0.000000 0.000000 0.199999 -0.000478 0.000000 0.000000 -6.000000 0.000000 1.000000 
0.200000 0.000000 0.000000 0.000000 0.000000 -0.000478 -0.199999 0.000000 0.000000 0.199999 -0.000478 0.000000 0.000000 -6.000000 0.000000 1.000000 
0.200000 0.000000 0.000000 0.000000 0.000000 -0.000478 -0.199999 0.000000 0.000000 0.199999 -0.000478 0.000000 0.000000 -6.000000 0.000000 1.000000 
0.200000 0.000000 0.000000 0.000000 0.000000 -0.000478 -0.199999 0.000000 0.000000 0.199999 -0.000478 0.000000 0.000000 -6.000000 0.000000 1.000000 
0.200000 0.000000 0.000000 0.000000 0.000000 -0.000478 -0.199999 0.000000 0.000000 0.199999 -0.000478 0.000000 0.000000 -6.000000 0.000000 1.000000 
0.200000 0.000000 0.000000 0.000000 0.000000 -0.000478 -0.199999 0.000000 0.000000 0.199999 -0.000478 0.000000 0.000000 -6.000000 0.000000 1.000000 
0.200000 0.000000 0.000000 0.000000 0.000000 -0.000478 -0.199999 0.000000 0.000000 0.199999 -0.000478 0.000000 0.000000 -6.000000 0.000000 1.000000 
0.200000 0.000000 0.000000 0.000000 0.000000 -0.000478 -0.199999 0.000000 0.000000 0.199999 -0.000478 0.000000 0.000000 -6.000000 0.000000 1.000000 
0.200000 0.000000 0.000000 0.000000 0.000000 -0.000478 -0.199999 0.000000 0.000000 0.199999 -0.000478 0.000000 0.000000 -6.000000 0.000000 1.000000 
0.200000 0.000000 0.000000 0.000000 0.000000 -0.000478 -0.199999 0.000000 0.000000 0.199999 -0.000478 0.000000 0.000000 -6.000000 0.000000 1.000000 
0.200000 0.000000 0.000000 0.000000 0.000000 -0.000478 -0.199999 0.000000 0.000000 0.199999 -0.000478 0.000000 0.000000 -6.000000 0.000000 1.000000 
0.200000 0.000000 0.000000 0.000000 0.000000 -0.000478 -0.199999 0.000000 0.000000 0.199999 -0.000478 0.000000 0.000000 -6.000000 0.000000 1.000000 
0.200000 0.000000 0.000000 0.000000 0.000000 -0.000478 -0.199999 0.000000 0.000000 0.199999 -0.000478 0.000000 0.000000 -6.000000 0.000000 1.000000 
0.141421 0.000000 0.141421 0.000000 0.141421 -0.000478 -0.141421 0.000000 0.000338 0.199999 -0.000338 0.000000 0.174646 -6.000000 0.000000 1.000000 
0.141421 0.000000 0.141421 0.000000 0.141421 -0.000478 -0.141421 0.000000 0.000338 0.199999 -0.000338 0.000000 0.333881 -6.000000 0.000000 1.000000 
0.141421 0.000000 0.141421 0.000000 0.141421 -0.000478 -0.141421 0.000000 0.000338 0.199999 -0.000338 0.000000 0.499544 -6.000000 0.000000 1.000000 
0.141421 0.000000 0.141421 0.000000 0.141421 -0.000478 -0.141421 0.000000 0.000338 0.199999 -0.000338 0.000000 0.666585 -6.000000 0.000000 1.000000 
0.141421 0.000000 0.141421 0.000000 0.141421 -0.000478 -0.141421 0.000000 0.000338 0.199999 -0.000338 0.000000 0.833430 -6.000000 0.000000 1.000000 
0.141421 0.000000 0.141421 0.000000 0.141421 -0.000478 -0.141421 0.000000 0.000338 0.199999 -0.000338 0.000000 1.000185 -6.000000 0.000000 1.000000 
0.141421 0.000000 0.141421 0.000000 0.141421 -0.000478 -0.141421 0.000000 0.000338 0.199999 -0.000338 0.000000 1.167021 -6.000000 0.000000 1.000000 
0.141421 0.000000 0.141421 0.000000 0.141421 -0.000478 -0.141421 0.000000 0.000338 0.199999 -0.000338 0.000000 1.333523 -6.000000 0.000000 1.000000 
0.141421 0.000000 0.141421 0.000000 0.141421 -0.000478 -0.141421 0.000000 0.000338 0.199999 -0.000338 0.000000 1.505337 -6.000000 0.000000 1.000000 
0.141421 0.000000 0.141421 0.000000 0.141421 -0.000478 -0.141421 0.000000 0.000338 0.199999 -0.000338 0.000000 1.666198 -6.000000 0.000000 1.000000 
0.141421 0.000000 0.141421 0.000000 0.141421 -0.000478 -0.141421 0.000000 0.000338 0.199999 -0.000338 0.000000 1.833043 -6.000000 0.000000 1.000000 
0.141421 0.000000 0.141421 0.000000 0.141421 -0.000478 -0.141421 0.000000 0.000338 0.199999 -0.000338 0.000000 2.000694 -6.000000 0.000000 1.000000 
0.141421 0.000000 0.141421 0.000000 0.141421 -0.000478 -0.141421 0.000000 0.000338 0.199999 -0.000338 0.000000 2.166815 -6.000000 0.000000 1.000000 
0.141421 0.000000 0.141421 0.000000 0.141421 -0.000478 -0.141421 0.000000 0.000338 0.199999 -0.000338 0.000000 2.333236 -6.000000 0.000000 1.000000 
0.141421 0.000000 0.141421 0.000000 0.141421 -0.000478 -0.141421 0.000000 0.000338 0.199999 -0.000338 0.000000 2.499914 -6.000000 0.000000 1.000000 
0.141421 0.000000 0.141421 0.000000 0.141421 -0.000478 -0.141421 0.000000 0.000338 0.199999 -0.000338 0.000000 2.666421 -6.000000 0.000000 1.000000 
0.141421 0.000000 0.141421 0.000000 0.141421 -0.000478 -0.141421 0.000000 0.000338 0.199999 -0.000338 0.000000 2.833958 -6.000000 0.000000 1.000000 
0.141421 0.000000 0.141421 0.000000 0.141421 -0.000478 -0.141421 0.000000 0.000338 0.199999 -0.000338 0.000000 3.000350 -6.000000 0.000000 1.000000 
0.141421 0.000000 0.141421 0.000000 0.141421 -0.000478 -0.141421 0.000000 0.000338 0.199999 -0.000338 0.000000 3.167024 -6.000000 0.000000 1.000000 
0.141421 0.000000 0.141421 0.000000 0.141421 -0.000478 -0.141421 0.000000 0.000338 0.199999 -0.000338 0.000000 3.334341 -6.000000 0.000000 1.000000 
0.141421 0.000000 0.141421 0.000000 0.141421 -0.000478 -0.141421 0.000000 0.000338 0.199999 -0.000338 0.000000 3.529758 -6.000000 0.000000 1.000000 
0.141421 0.000000 -0.141421 0.000000 -0.141421 -0.000478 -0.141421 0.000000 -0.000338 0.199999 -0.000338 0.000000 3.388143 -6.000000 0.000000 1.000000 
0.141421 0.000000 -0.141421 0.000000 -0.141421 -0.000478 -0.141421 0.000000 -0.000338 0.199999 -0.000338 0.000000 3.216491 -6.000000 0.000000 1.000000 
0.141421 0.000000 -0.141421 0.000000 -0.141421 -0.000478 -0.141421 0.000000 -0.000338 0.199999 -0.000338 0.000000 3.052039 -6.000000 0.000000 1.000000 
0.141421 0.000000 -0.141421 0.000000 -0.141421 -0.000478 -0.141421 0.000000 -0.000338 0.199999 -0.000338 0.000000 2.892718 -6.000000 0.000000 1.000000 
0.141421 0.000000 -0.141421 0.000000 -0.141421 -0.000478 -0.141421 0.000000 -0.000338 0.199999 -0.000338 0.000000 2.726603 -6.000000 0.000000 1.000000 
0.141421 0.000000 -0.141421 0.000000 -0.141421 -0.000478 -0.141421 0.000000 -0.000338 0.199999 -0.000338 0.000000 2.558045 -6.000000 0.000000 1.000000 
0.141421 0.000000 -0.141421 0.000000 -0.141421 -0.000478 -0.141421 0.000000 -0.000338 0.199999 -0.000338 0.000000 2.392282 -6.000000 0.000000 1.000000 
0.141421 0.000000 -0.141421 0.000000 -0.141421 -0.000478 -0.141421 0.000000 -0.000338 0.199999 -0.000338 0.000000 2.226682 -6.000000 0.000000 1.000000 
0.141421 0.000000 -0.141421 0.000000 -0.141421 -0.000478 -0.141421 0.000000 -0.000338 0.199999 -0.000338 0.000000 2.059932 -6.000000 0.000000 1.000000 
0.141421 0.000000 -0.141421 0.000000 -0.141421 -0.000478 -0.141421 0.000000 -0.000338 0.199999 -0.000338 0.000000 1.892738 -6.000000 0.000000 1.000000 
0.141421 0.000000 -0.141421 0.000000 -0.141421 -0.000478 -0.141421 0.000000 -0.000338 0.199999 -0.000338 0.000000 1.726551 -6.000000 0.000000 1.000000 
0.141421 0.000000 -0.141421 0.000000 -0.141421 -0.000478 -0.141421 0.000000 -0.000338 0.199999 -0.000338 0.000000 1.560378 -6.000000 0.000000 1.000000 
0.141421 0.000000 -0.141421 0.000000 -0.141421 -0.000478 -0.141421 0.000000 -0.000338 0.199999 -0.000338 0.000000 1.393452 -6.000000 0.000000 1.000000 
0.141421 0.000000 -0.141421 0.000000 -0.141421 -0.000478 -0.141421 0.000000 -0.000338 0.199999 -0.000338 0.000000 1.226754 -6.000000 0.000000 1.000000 
0.141421 0.000000 -0.141421 0.000000 -0.141421 -0.000478 -0.141421 0.000000 -0.000338 0.199999 -0.000338 0.000000 1.057992 -6.000000 0.000000 1.000000 
0.141421 0.000000 -0.141421 0.000000 -0.141421 -0.000478 -0.141421 0.000000 -0.000338 0.199999 -0.000338 0.000000 0.892310 -6.000000 0.000000 1.000000 
0.141421 0.000000 -0.141421 0.000000 -0.141421 -0.000478 -0.141421 0.000000 -0.000338 0.199999 -0.000338 0.000000 0.725365 -6.000000 0.000000 1.000000 
0.141421 0.000000 -0.141421 0.000000 -0.141421 -0.000478 -0.141421 0.000000 -0.000338 0.199999 -0.000338 0.000000 0.558348 -6.000000 0.000000 1.000000 
0.141421 0.000000 -0.141421 0.000000 -0.141421 -0.000478 -0.141421 0.000000 -0.000338 0.199999 -0.000338 0.000000 0.392518 -6.000000 0.000000 1.000000 
0.141421 0.000000 -0.141421 0.000000 -0.141421 -0.000478 -0.141421 0.000000 -0.000338 0.199999 -0.000338 0.000000 0.220890 -6.000000 0.000000 1.000000 
0.141421 0.000000 -0.141421 0.000000 -0.141421 -0.000478 -0.141421 0.000000 -0.000338 0.199999 -0.000338 0.000000 0.057449 -6.000000 0.000000 1.000000 
0.141421 0.000000 -0.141421 0.000000 -0.141421 -0.000478 -0.141421 0.000000 -0.000338 0.199999 -0.000338 0.000000 -0.107784 -6.000000 0.000000 1.000000 
0.141421 0.000000 -0.141421 0.000000 -0.141421 -0.000478 -0.141421 0.000000 -0.000338 0.199999 -0.000338 0.000000 -0.274682 -6.000000 0.000000 1.000000 
0.141421 0.000000 -0.141421 0.000000 -0.141421 -0.000478 -0.141421 0.000000 -0.000338 0.199999 -0.000338 0.000000 -0.444584 -6.000000 0.000000 1.000000 
0.141421 0.000000 -0.141421 0.000000 -0.141421 -0.000478 -0.141421 0.000000 -0.000338 0.199999 -0.000338 0.000000 -0.607767 -6.000000 0.000000 1.000000 
0.141421 0.000000 -0.141421 0.000000 -0.141421 -0.000478 -0.141421 0.000000 -0.000338 0.199999 -0.000338 0.000000 -0.774202 -6.000000 0.000000 1.000000 
0.141421 0.000000 -0.141421 0.000000 -0.141421 -0.000478 -0.141421 0.000000 -0.000338 0.199999 -0.000338 0.000000 -0.940957 -6.000000 0.000000 1.000000 
0.141421 0.000000 -0.141421 0.000000 -0.141421 -0.000478 -0.141421 0.000000 -0.000338 0.199999 -0.000338 0.000000 -1.107168 -6.000000 0.000000 1.000000 
0.141421 0.000000 -0.141421 0.000000 -0.141421 -0.000478 -0.141421 0.000000 -0.000338 0.199999 -0.000338 0.000000 -1.274347 -6.000000 0.000000 1.000000 
0.141421 0.000000 -0.141421 0.000000 -0.141421 -0.000478 -0.141421 0.000000 -0.000338 0.199999 -0.000338 0.000000 -1.445112 -6.000000 0.000000 1.000000 
0.141421 0.000000 -0.141421 0.000000 -0.141421 -0.000478 -0.141421 0.000000 -0.000338 0.199999 -0.000338 0.000000 -1.608787 -6.000000 0.000000 1.000000 
0.141421 0.000000 -0.141421 0.000000 -0.141421 -0.000478 -0.141421 0.000000 -0.000338 0.199999 -0.000338 0.000000 -1.774101 -6.000000 0.000000 1.000000 
0.141421 0.000000 -0.141421 0.000000 -0.141421 -0.000478 -0.141421 0.000000 -0.000338 0.199999 -0.000338 0.000000 -1.950636 -6.000000 0.000000 1.000000 
0.141421 0.000000 -0.141421 0.000000 -0.141421 -0.000478 -0.141421 0.000000 -0.000338 0.199999 -0.000338 0.000000 -2.107763 -6.000000 0.000000 1.000000 
0.141421 0.000000 -0.141421 0.000000 -0.141421 -0.000478 -0.141421 0.000000 -0.000338 0.199999 -0.000338 0.000000 -2.281003 -6.000000 0.000000 1.000000 
0.141421 0.000000 -0.141421 0.000000 -0.141421 -0.000478 -0.141421 0.000000 -0.000338 0.199999 -0.000338 0.000000 -2.441916 -6.000000 0.000000 1.000000 
0.141421 0.000000 -0.141421 0.000000 -0.141421 -0.000478 -0.141421 0.000000 -0.000338 0.199999 -0.000338 0.000000 -2.610097 -6.000000 0.000000 1.000000 
0.141421 0.000000 -0.141421 0.000000 -0.141421 -0.000478 -0.141421 0.000000 -0.000338 0.199999 -0.000338 0.000000 -2.772880 -6.000000 0.000000 1.000000 
