0.707107 0.707107 0.000000 0.000000 -0.707107 0.707107 0.000000 0.000000 0.000000 0.000000 1.000000 0.000000 17.589859 -6.000000 0.000000 1.000000 
0.707107 0.707107 0.000000 0.000000 -0.707107 0.707107 0.000000 0.000000 0.000000 0.000000 1.000000 0.000000 17.589859 -6.000000 0.000000 1.000000 
0.707107 0.707107 0.000000 0.000000 -0.707107 0.707107 0.000000 0.000000 0.000000 0.000000 1.000000 0.000000 17.589859 -6.000000 0.000000 1.000000 
0.707107 0.707107 0.000000 0.000000 -0.707107 0.707107 0.000000 0.000000 0.000000 0.000000 1.000000 0.000000 17.589859 -6.000000 0.000000 1.000000 
0.707107 0.707107 0.000000 0.000000 -0.707107 0.707107 0.000000 0.000000 0.000000 0.000000 1.000000 0.000000 17.589859 -6.000000 0.000000 1.000000 
0.707107 0.707107 0.000000 0.000000 -0.707107 0.707107 0.000000 0.000000 0.000000 0.000000 1.000000 0.000000 17.589859 -6.000000 0.000000 1.000000 
0.707107 0.707107 0.000000 0.000000 -0.707107 0.707107 0.000000 0.000000 0.000000 0.000000 1.000000 0.000000 17.589859 -6.000000 0.000000 1.000000 
0.707107 0.707107 0.000000 0.000000 -0.707107 0.707107 0.000000 0.000000 0.000000 0.000000 1.000000 0.000000 17.589859 -6.000000 0.000000 1.000000 
0.707107 0.707107 0.000000 0.000000 -0.707107 0.707107 0.000000 0.000000 0.000000 0.000000 1.000000 0.000000 17.589859 -6.000000 0.000000 1.000000 
0.707107 0.707107 0.000000 0.000000 -0.707107 0.707107 0.000000 0.000000 0.000000 0.000000 1.000000 0.000000 17.589859 -6.000000 0.000000 1.000000 
0.707107 0.707107 0.000000 0.000000 -0.707107 0.707107 0.000000 0.000000 0.000000 0.000000 1.000000 0.000000 17.589859 -6.000000 0.000000 1.000000 
0.707107 0.707107 0.000000 0.000000 -0.707107 0.707107 0.000000 0.000000 0.000000 0.000000 1.000000 0.000000 17.589859 -6.000000 0.000000 1.000000 
0.707107 0.707107 0.000000 0.000000 -0.707107 0.707107 0.000000 0.000000 0.000000 0.000000 1.000000 0.000000 17.589859 -6.000000 0.000000 1.000000 
0.707107 0.707107 0.000000 0.000000 -0.707107 0.707107 0.000000 0.000000 0.000000 0.000000 1.000000 0.000000 17.589859 -6.000000 0.000000 1.000000 
0.707107 0.707107 0.000000 0.000000 -0.707107 0.707107 0.000000 0.000000 0.000000 0.000000 1.000000 0.000000 17.589859 -6.000000 0.000000 1.000000 
0.707107 0.707107 0.000000 0.000000 -0.707107 0.707107 0.000000 0.000000 0.000000 0.000000 1.000000 0.000000 17.589859 -6.000000 0.000000 1.000000 
0.707107 0.707107 0.000000 0.000000 -0.707107 0.707107 0.000000 0.000000 0.000000 0.000000 1.000000 0.000000 17.589859 -6.000000 0.000000 1.000000 
0.707107 0.707107 0.000000 0.000000 -0.707107 0.707107 0.000000 0.000000 0.000000 0.000000 1.000000 0.000000 17.589859 -6.000000 0.000000 1.000000 
0.500000 0.707107 -0.500000 0.000000 -0.500000 0.707107 0.500000 0.000000 0.707107 0.000000 0.707107 0.000000 12.775963 -6.000000 0.000000 1.000000 
0.500000 0.707107 -0.500000 0.000000 -0.500000 0.707107 0.500000 0.000000 0.707107 0.000000 0.707107 0.000000 7.778309 -6.000000 0.000000 1.000000 
0.500000 0.707107 -0.500000 0.000000 -0.500000 0.707107 0.500000 0.000000 0.707107 0.000000 0.707107 0.000000 2.778900 -6.000000 0.000000 1.000000 
0.500000 0.707107 -0.500000 0.000000 -0.500000 0.707107 0.500000 0.000000 0.707107 0.000000 0.707107 0.000000 -2.222049 -6.000000 0.000000 1.000000 
0.500000 0.707107 -0.500000 0.000000 -0.500000 0.707107 0.500000 0.000000 0.707107 0.000000 0.707107 0.000000 -7.219016 -6.000000 0.000000 1.000000 
0.500000 0.707107 -0.500000 0.000000 -0.500000 0.707107 0.500000 0.000000 0.707107 0.000000 0.707107 0.000000 -12.234194 -6.000000 0.000000 1.000000 
0.500000 0.707107 -0.500000 0.000000 -0.500000 0.707107 0.500000 0.000000 0.707107 0.000000 0.707107 0.000000 -17.233149 -6.000000 0.000000 1.000000 
